1 0.877467591790802
2 0.876173102484533
3 0.874880522881345
4 0.873589850163939
5 0.872301081519169
6 0.87101421413804
7 0.869729245215702
8 0.868446171951442
9 0.86716499154868
10 0.86588570121496
11 0.864608298161947
12 0.863332779605418
13 0.862059142765258
14 0.860787384865455
15 0.859517503134091
16 0.858249494803336
17 0.856983357109446
18 0.855719087292752
19 0.854456682597656
20 0.853196140272628
21 0.851937457570195
22 0.850680631746937
23 0.849425660063483
24 0.848172539784501
25 0.846921268178696
26 0.845671842518802
27 0.844424260081576
28 0.843178518147792
29 0.841934614002238
30 0.840692544933705
31 0.839452308234985
32 0.838213901202863
33 0.836977321138113
34 0.835742565345489
35 0.834509631133725
36 0.833278515815521
37 0.832049216707545
38 0.83082173113042
39 0.829596056408726
40 0.828372189870986
41 0.827150128849666
42 0.825929870681169
43 0.824711412705823
44 0.823494752267884
45 0.822279886715524
46 0.821066813400826
47 0.819855529679782
48 0.818646032912284
49 0.817438320462116
50 0.816232389696955
51 0.815028237988358
52 0.813825862711762
53 0.812625261246476
54 0.811426430975673
55 0.810229369286388
56 0.809034073569511
57 0.80784054121978
58 0.806648769635777
59 0.805458756219923
60 0.804270498378469
61 0.803083993521493
62 0.801899239062895
63 0.800716232420389
64 0.7995349710155
65 0.798355452273553
66 0.797177673623677
67 0.796001632498789
68 0.794827326335596
69 0.793654752574585
70 0.792483908660019
71 0.791314792039931
72 0.790147400166122
73 0.788981730494147
74 0.787817780483319
75 0.786655547596697
76 0.785495029301084
77 0.784336223067018
78 0.783179126368772
79 0.782023736684341
80 0.780870051495444
81 0.779718068287513
82 0.778567784549691
83 0.777419197774824
84 0.776272305459458
85 0.775127105103831
86 0.77398359421187
87 0.772841770291182
88 0.771701630853054
89 0.770563173412443
90 0.769426395487971
91 0.768291294601923
92 0.767157868280238
93 0.766026114052504
94 0.764896029451955
95 0.763767612015463
96 0.762640859283535
97 0.761515768800305
98 0.760392338113532
99 0.75927056477459
100 0.758150446338467
101 0.757031980363757
102 0.755915164412658
103 0.754799996050962
104 0.753686472848053
105 0.752574592376901
106 0.751464352214055
107 0.750355749939642
108 0.749248783137356
109 0.748143449394457
110 0.747039746301766
111 0.745937671453654
112 0.744837222448046
113 0.743738396886406
114 0.74264119237374
115 0.741545606518586
116 0.740451636933008
117 0.739359281232597
118 0.738268537036457
119 0.737179401967209
120 0.736091873650977
121 0.73500594971739
122 0.733921627799573
123 0.732838905534142
124 0.7317577805612
125 0.730678250524333
126 0.729600313070602
127 0.728523965850538
128 0.72744920651814
129 0.726376032730866
130 0.725304442149634
131 0.724234432438807
132 0.723166001266197
133 0.722099146303058
134 0.721033865224075
135 0.719970155707368
136 0.718908015434479
137 0.717847442090372
138 0.716788433363426
139 0.715730986945431
140 0.71467510053158
141 0.713620771820469
142 0.712567998514087
143 0.711516778317813
144 0.710467108940414
145 0.709418988094033
146 0.708372413494192
147 0.707327382859781
148 0.706283893913056
149 0.705241944379633
150 0.704201531988483
151 0.703162654471928
152 0.702125309565635
153 0.701089495008611
154 0.7000552085432
155 0.699022447915075
156 0.697991210873236
157 0.696961495170003
158 0.695933298561012
159 0.694906618805211
160 0.693881453664852
161 0.69285780090549
162 0.691835658295975
163 0.690815023608452
164 0.689795894618347
165 0.688778269104373
166 0.687762144848518
167 0.68674751963604
168 0.685734391255468
169 0.684722757498591
170 0.683712616160457
171 0.682703965039366
172 0.681696801936866
173 0.68069112465775
174 0.679686931010047
175 0.678684218805021
176 0.677682985857166
177 0.676683229984197
178 0.675684949007052
179 0.674688140749882
180 0.673692803040047
181 0.672698933708114
182 0.67170653058785
183 0.670715591516218
184 0.66972611433337
185 0.668738096882646
186 0.667751537010569
187 0.666766432566836
188 0.665782781404318
189 0.664800581379054
190 0.663819830350243
191 0.662840526180247
192 0.661862666734577
193 0.660886249881895
194 0.659911273494008
195 0.658937735445861
196 0.657965633615535
197 0.656994965884241
198 0.656025730136315
199 0.655057924259217
200 0.654091546143519
201 0.65312659368291
202 0.652163064774182
203 0.651200957317232
204 0.650240269215055
205 0.64928099837374
206 0.648323142702463
207 0.647366700113487
208 0.646411668522153
209 0.64545804584688
210 0.644505830009155
211 0.643555018933532
212 0.642605610547628
213 0.641657602782116
214 0.640710993570724
215 0.639765780850225
216 0.638821962560438
217 0.637879536644221
218 0.636938501047466
219 0.635998853719097
220 0.635060592611062
221 0.634123715678331
222 0.633188220878891
223 0.632254106173743
224 0.631321369526893
225 0.630390008905353
226 0.629460022279133
227 0.628531407621238
228 0.627604162907665
229 0.626678286117395
230 0.62575377523239
231 0.62483062823759
232 0.623908843120909
233 0.622988417873227
234 0.62206935048839
235 0.621151638963203
236 0.620235281297425
237 0.619320275493767
238 0.618406619557887
239 0.617494311498384
240 0.616583349326795
241 0.615673731057591
242 0.614765454708173
243 0.613858518298865
244 0.612952919852912
245 0.612048657396475
246 0.61114572895863
247 0.610244132571355
248 0.609343866269537
249 0.608444928090958
250 0.607547316076297
251 0.606651028269122
252 0.605756062715889
253 0.604862417465934
254 0.603970090571472
255 0.603079080087591
256 0.60218938407225
257 0.601301000586269
258 0.600413927693333
259 0.599528163459981
260 0.598643705955605
261 0.597760553252445
262 0.596878703425587
263 0.595998154552953
264 0.595118904715304
265 0.594240951996229
266 0.593364294482148
267 0.592488930262301
268 0.591614857428749
269 0.590742074076365
270 0.589870578302835
271 0.589000368208651
272 0.588131441897107
273 0.587263797474294
274 0.586397433049099
275 0.585532346733197
276 0.58466853664105
277 0.583806000889901
278 0.582944737599772
279 0.582084744893456
280 0.581226020896518
281 0.580368563737285
282 0.579512371546848
283 0.578657442459055
284 0.577803774610505
285 0.576951366140548
286 0.576100215191279
287 0.575250319907531
288 0.574401678436878
289 0.573554288929623
290 0.572708149538801
291 0.571863258420169
292 0.571019613732208
293 0.570177213636111
294 0.569336056295789
295 0.568496139877857
296 0.567657462551638
297 0.566820022489154
298 0.565983817865124
299 0.565148846856962
300 0.564315107644767
301 0.563482598411324
302 0.562651317342102
303 0.561821262625242
304 0.560992432451562
305 0.560164825014546
306 0.559338438510345
307 0.558513271137772
308 0.557689321098293
309 0.556866586596032
310 0.55604506583776
311 0.555224757032894
312 0.554405658393493
313 0.553587768134252
314 0.552771084472501
315 0.551955605628201
316 0.551141329823938
317 0.550328255284918
318 0.549516380238969
319 0.548705702916531
320 0.547896221550656
321 0.547087934377001
322 0.546280839633827
323 0.545474935561994
324 0.544670220404957
325 0.543866692408763
326 0.543064349822044
327 0.54226319089602
328 0.541463213884486
329 0.540664417043818
330 0.53986679863296
331 0.539070356913428
332 0.538275090149299
333 0.537480996607215
334 0.536688074556372
335 0.535896322268522
336 0.535105738017963
337 0.534316320081543
338 0.533528066738648
339 0.532740976271207
340 0.531955046963679
341 0.531170277103057
342 0.530386664978859
343 0.529604208883128
344 0.528822907110427
345 0.528042757957833
346 0.527263759724936
347 0.526485910713836
348 0.525709209229135
349 0.52493365357794
350 0.524159242069852
351 0.523385973016967
352 0.522613844733871
353 0.521842855537637
354 0.52107300374782
355 0.520304287686455
356 0.519536705678052
357 0.518770256049591
358 0.518004937130523
359 0.517240747252762
360 0.516477684750683
361 0.515715747961118
362 0.514954935223353
363 0.514195244879124
364 0.513436675272614
365 0.512679224750447
366 0.511922891661687
367 0.511167674357835
368 0.510413571192821
369 0.509660580523006
370 0.508908700707174
371 0.508157930106532
372 0.507408267084704
373 0.506659710007726
374 0.505912257244047
375 0.505165907164524
376 0.504420658142413
377 0.503676508553373
378 0.50293345677546
379 0.502191501189121
380 0.501450640177193
381 0.500710872124898
382 0.499972195419841
383 0.499234608452006
384 0.498498109613751
385 0.497762697299806
386 0.497028369907271
387 0.496295125835607
388 0.495562963486641
389 0.494831881264553
390 0.494101877575881
391 0.49337295082951
392 0.492645099436677
393 0.491918321810959
394 0.491192616368274
395 0.490467981526878
396 0.489744415707361
397 0.489021917332642
398 0.488300484827965
399 0.4875801166209
400 0.486860811141336
401 0.486142566821477
402 0.485425382095842
403 0.484709255401257
404 0.483994185176856
405 0.483280169864075
406 0.482567207906649
407 0.48185529775061
408 0.481144437844281
409 0.480434626638275
410 0.479725862585491
411 0.479018144141109
412 0.47831146976259
413 0.477605837909669
414 0.476901247044354
415 0.476197695630922
416 0.475495182135915
417 0.474793705028138
418 0.474093262778655
419 0.473393853860784
420 0.472695476750097
421 0.471998129924415
422 0.471301811863802
423 0.470606521050568
424 0.46991225596926
425 0.469219015106659
426 0.468526796951782
427 0.467835599995874
428 0.467145422732403
429 0.466456263657062
430 0.465768121267765
431 0.465080994064638
432 0.464394880550021
433 0.463709779228466
434 0.463025688606727
435 0.462342607193765
436 0.461660533500737
437 0.460979466040999
438 0.4602994033301
439 0.459620343885777
440 0.458942286227956
441 0.458265228878745
442 0.457589170362432
443 0.456914109205484
444 0.45624004393654
445 0.455566973086411
446 0.454894895188074
447 0.454223808776671
448 0.453553712389505
449 0.452884604566038
450 0.452216483847883
451 0.451549348778809
452 0.450883197904731
453 0.450218029773709
454 0.449553842935945
455 0.448890635943781
456 0.448228407351695
457 0.447567155716294
458 0.446906879596318
459 0.446247577552633
460 0.445589248148226
461 0.444931889948205
462 0.444275501519795
463 0.443620081432336
464 0.442965628257275
465 0.44231214056817
466 0.441659616940682
467 0.441008055952574
468 0.440357456183705
469 0.439707816216031
470 0.4390591346336
471 0.438411410022549
472 0.437764640971099
473 0.437118826069556
474 0.436473963910304
475 0.435830053087805
476 0.435187092198592
477 0.434545079841273
478 0.433904014616518
479 0.433263895127065
480 0.432624719977714
481 0.431986487775319
482 0.431349197128793
483 0.4307128466491
484 0.430077434949254
485 0.429442960644313
486 0.428809422351381
487 0.4281768186896
488 0.427545148280149
489 0.426914409746244
490 0.426284601713128
491 0.425655722808075
492 0.425027771660384
493 0.424400746901374
494 0.423774647164385
495 0.423149471084773
496 0.422525217299907
497 0.421901884449167
498 0.421279471173937
499 0.42065797611761
500 0.420037397925577
501 0.419417735245229
502 0.418798986725952
503 0.418181151019124
504 0.417564226778112
505 0.416948212658273
506 0.416333107316943
507 0.415718909413443
508 0.415105617609068
509 0.414493230567092
510 0.413881746952757
511 0.413271165433277
512 0.412661484677831
513 0.412052703357561
514 0.41144482014557
515 0.410837833716919
516 0.410231742748622
517 0.409626545919647
518 0.409022241910909
519 0.40841882940527
520 0.407816307087534
521 0.407214673644447
522 0.40661392776469
523 0.40601406813888
524 0.405415093459567
525 0.404817002421228
526 0.404219793720265
527 0.403623466055006
528 0.403028018125698
529 0.402433448634503
530 0.401839756285503
531 0.401246939784686
532 0.400654997839954
533 0.400063929161111
534 0.399473732459868
535 0.398884406449833
536 0.398295949846515
537 0.397708361367317
538 0.397121639731532
539 0.396535783660345
540 0.395950791876826
541 0.395366663105931
542 0.394783396074494
543 0.39420098951123
544 0.393619442146727
545 0.393038752713447
546 0.392458919945722
547 0.391879942579751
548 0.391301819353598
549 0.390724549007188
550 0.390148130282305
551 0.389572561922589
552 0.388997842673533
553 0.388423971282483
554 0.38785094649863
555 0.387278767073013
556 0.386707431758511
557 0.386136939309844
558 0.385567288483571
559 0.384998478038081
560 0.384430506733599
561 0.383863373332177
562 0.383297076597693
563 0.382731615295849
564 0.382166988194168
565 0.381603194061992
566 0.381040231670478
567 0.380478099792594
568 0.37991679720312
569 0.379356322678645
570 0.37879667499756
571 0.37823785294006
572 0.377679855288138
573 0.377122680825585
574 0.376566328337986
575 0.376010796612718
576 0.375456084438946
577 0.374902190607621
578 0.374349113911481
579 0.373796853145039
580 0.373245407104593
581 0.372694774588211
582 0.372144954395739
583 0.37159594532879
584 0.371047746190746
585 0.370500355786756
586 0.369953772923728
587 0.369407996410334
588 0.368863025057002
589 0.368318857675914
590 0.367775493081006
591 0.367232930087962
592 0.366691167514214
593 0.36615020417894
594 0.365610038903057
595 0.365070670509224
596 0.364532097821836
597 0.363994319667023
598 0.363457334872644
599 0.362921142268291
600 0.362385740685281
601 0.361851128956654
602 0.361317305917173
603 0.36078427040332
604 0.360252021253293
605 0.359720557307003
606 0.359189877406075
607 0.358659980393841
608 0.35813086511534
609 0.357602530417314
610 0.357074975148207
611 0.356548198158162
612 0.356022198299018
613 0.355496974424308
614 0.354972525389257
615 0.354448850050778
616 0.35392594726747
617 0.353403815899616
618 0.352882454809182
619 0.352361862859811
620 0.351842038916823
621 0.351322981847212
622 0.350804690519643
623 0.350287163804452
624 0.349770400573638
625 0.349254399700867
626 0.348739160061467
627 0.348224680532422
628 0.347710959992375
629 0.347197997321624
630 0.346685791402117
631 0.346174341117452
632 0.345663645352875
633 0.345153702995275
634 0.344644512933185
635 0.344136074056775
636 0.343628385257854
637 0.343121445429867
638 0.342615253467889
639 0.342109808268627
640 0.341605108730415
641 0.34110115375321
642 0.340597942238597
643 0.340095473089776
644 0.339593745211568
645 0.33909275751041
646 0.33859250889435
647 0.33809299827305
648 0.337594224557777
649 0.337096186661407
650 0.336598883498419
651 0.336102313984893
652 0.335606477038507
653 0.335111371578539
654 0.334616996525858
655 0.334123350802926
656 0.333630433333796
657 0.333138243044107
658 0.332646778861083
659 0.33215603971353
660 0.331666024531836
661 0.331176732247967
662 0.330688161795461
663 0.330200312109434
664 0.329713182126571
665 0.329226770785124
666 0.328741077024915
667 0.328256099787326
668 0.327771838015305
669 0.327288290653355
670 0.326805456647539
671 0.326323334945475
672 0.325841924496331
673 0.325361224250829
674 0.324881233161234
675 0.324401950181362
676 0.323923374266569
677 0.323445504373753
678 0.322968339461351
679 0.322491878489336
680 0.322016120419217
681 0.321541064214032
682 0.321066708838351
683 0.320593053258272
684 0.320120096441417
685 0.319647837356931
686 0.319176274975481
687 0.31870540826925
688 0.318235236211941
689 0.317765757778767
690 0.317296971946457
691 0.316828877693246
692 0.316361473998878
693 0.315894759844603
694 0.315428734213171
695 0.314963396088836
696 0.314498744457348
697 0.314034778305955
698 0.313571496623399
699 0.313108898399912
700 0.312646982627218
701 0.312185748298526
702 0.311725194408533
703 0.311265319953417
704 0.310806123930839
705 0.310347605339935
706 0.309889763181322
707 0.309432596457088
708 0.308976104170795
709 0.308520285327474
710 0.308065138933624
711 0.307610663997211
712 0.307156859527663
713 0.306703724535869
714 0.306251258034178
715 0.305799459036397
716 0.305348326557786
717 0.304897859615058
718 0.304448057226379
719 0.303998918411361
720 0.303550442191063
721 0.303102627587987
722 0.302655473626079
723 0.302208979330725
724 0.301763143728748
725 0.301317965848405
726 0.300873444719389
727 0.300429579372824
728 0.299986368841264
729 0.299543812158687
730 0.2991019083605
731 0.298660656483531
732 0.298220055566029
733 0.297780104647663
734 0.297340802769517
735 0.29690214897409
736 0.296464142305296
737 0.296026781808456
738 0.295590066530302
739 0.295153995518971
740 0.294718567824004
741 0.294283782496344
742 0.293849638588337
743 0.293416135153723
744 0.292983271247641
745 0.292551045926622
746 0.292119458248589
747 0.291688507272857
748 0.291258192060125
749 0.290828511672482
750 0.290399465173397
751 0.289971051627723
752 0.289543270101692
753 0.289116119662912
754 0.288689599380368
755 0.288263708324419
756 0.287838445566794
757 0.287413810180593
758 0.286989801240281
759 0.286566417821692
760 0.28614365900202
761 0.285721523859822
762 0.285300011475014
763 0.28487912092887
764 0.284458851304018
765 0.28403920168444
766 0.283620171155471
767 0.283201758803792
768 0.282783963717435
769 0.282366784985774
770 0.281950221699529
771 0.281534272950761
772 0.281118937832869
773 0.28070421544059
774 0.280290104869999
775 0.279876605218499
776 0.279463715584831
777 0.279051435069062
778 0.278639762772585
779 0.278228697798124
780 0.277818239249721
781 0.277408386232744
782 0.276999137853878
783 0.276590493221128
784 0.276182451443813
785 0.275775011632568
786 0.275368172899338
787 0.274961934357379
788 0.274556295121257
789 0.27415125430684
790 0.273746811031304
791 0.273342964413126
792 0.272939713572084
793 0.272537057629255
794 0.27213499570701
795 0.271733526929017
796 0.271332650420238
797 0.270932365306922
798 0.270532670716611
799 0.270133565778132
800 0.269735049621598
801 0.269337121378404
802 0.268939780181227
803 0.268543025164026
804 0.268146855462033
805 0.26775127021176
806 0.26735626855099
807 0.26696184961878
808 0.266568012555455
809 0.266174756502611
810 0.265782080603108
811 0.265389984001071
812 0.264998465841888
813 0.264607525272209
814 0.26421716143994
815 0.263827373494247
816 0.263438160585548
817 0.263049521865519
818 0.262661456487082
819 0.262273963604413
820 0.261887042372934
821 0.261500691949313
822 0.261114911491462
823 0.260729700158537
824 0.260345057110931
825 0.259960981510278
826 0.25957747251945
827 0.259194529302551
828 0.258812151024921
829 0.258430336853128
830 0.258049085954974
831 0.257668397499484
832 0.257288270656912
833 0.256908704598735
834 0.256529698497654
835 0.256151251527586
836 0.255773362863672
837 0.255396031682266
838 0.25501925716094
839 0.254643038478477
840 0.254267374814873
841 0.253892265351332
842 0.253517709270269
843 0.253143705755301
844 0.252770253991252
845 0.25239735316415
846 0.25202500246122
847 0.251653201070888
848 0.251281948182779
849 0.250911242987711
850 0.250541084677696
851 0.250171472445939
852 0.249802405486834
853 0.249433882995966
854 0.249065904170104
855 0.248698468207203
856 0.2483315743064
857 0.247965221668017
858 0.247599409493551
859 0.247234136985682
860 0.246869403348261
861 0.246505207786318
862 0.246141549506053
863 0.245778427714838
864 0.245415841621215
865 0.245053790434892
866 0.244692273366744
867 0.244331289628811
868 0.243970838434294
869 0.243610918997554
870 0.243251530534113
871 0.24289267226065
872 0.242534343394999
873 0.242176543156146
874 0.241819270764234
875 0.241462525440552
876 0.241106306407539
877 0.240750612888783
878 0.240395444109015
879 0.240040799294111
880 0.239686677671089
881 0.239333078468106
882 0.23898000091446
883 0.238627444240584
884 0.238275407678047
885 0.237923890459552
886 0.237572891818933
887 0.237222410991155
888 0.236872447212312
889 0.236522999719624
890 0.236174067751437
891 0.235825650547221
892 0.235477747347566
893 0.235130357394185
894 0.234783479929908
895 0.234437114198682
896 0.234091259445569
897 0.233745914916748
898 0.233401079859505
899 0.23305675352224
900 0.232712935154462
901 0.232369624006784
902 0.232026819330927
903 0.231684520379716
904 0.231342726407078
905 0.231001436668039
906 0.230660650418727
907 0.230320366916365
908 0.229980585419272
909 0.229641305186862
910 0.229302525479642
911 0.228964245559209
912 0.228626464688249
913 0.228289182130536
914 0.227952397150932
915 0.22761610901538
916 0.227280316990909
917 0.226945020345629
918 0.226610218348726
919 0.22627591027047
920 0.225942095382204
921 0.225608772956345
922 0.225275942266386
923 0.22494360258689
924 0.224611753193492
925 0.224280393362894
926 0.223949522372865
927 0.22361913950224
928 0.223289244030919
929 0.222959835239863
930 0.222630912411094
931 0.222302474827692
932 0.221974521773797
933 0.221647052534604
934 0.221320066396362
935 0.220993562646374
936 0.220667540572993
937 0.220341999465624
938 0.220016938614718
939 0.219692357311773
940 0.219368254849335
941 0.219044630520991
942 0.21872148362137
943 0.218398813446143
944 0.218076619292019
945 0.217754900456746
946 0.217433656239107
947 0.217112885938918
948 0.216792588857031
949 0.216472764295327
950 0.216153411556719
951 0.215834529945145
952 0.215516118765574
953 0.215198177323998
954 0.214880704927432
955 0.214563700883916
956 0.214247164502508
957 0.213931095093289
958 0.213615491967353
959 0.213300354436813
960 0.212985681814799
961 0.212671473415449
962 0.212357728553918
963 0.212044446546367
964 0.21173162670997
965 0.211419268362905
966 0.211107370824357
967 0.210795933414516
968 0.210484955454574
969 0.210174436266726
970 0.209864375174164
971 0.209554771501081
972 0.209245624572666
973 0.208936933715104
974 0.208628698255573
975 0.208320917522246
976 0.208013590844283
977 0.207706717551838
978 0.207400296976051
979 0.207094328449049
980 0.206788811303944
981 0.206483744874832
982 0.206179128496792
983 0.205874961505883
984 0.205571243239145
985 0.205267973034593
986 0.204965150231223
987 0.204662774169002
988 0.204360844188873
989 0.204059359632751
990 0.203758319843522
991 0.203457724165039
992 0.203157571942127
993 0.202857862520574
994 0.202558595247136
995 0.202259769469531
996 0.201961384536439
997 0.201663439797502
998 0.201365934603321
999 0.201068868305455
