0.971358857354019
0.951701632203121
0.936271296204872
0.923142239619523
0.911411868567478
0.900679206897966
0.890626517636815
0.881094678250065
0.871983686393005
0.863212656667131
0.854748527842255
0.846528595751976
0.838571097845682
0.830853575003869
0.823317194822468
0.815950930839515
0.808748580044083
0.801720051368574
0.794859252979842
0.788126109815347
0.781521874520492
0.775037866065277
0.768673510009622
0.762400148370467
0.756267641370061
0.750272947410116
0.744336669135642
0.738518916808079
0.732783743922631
0.727165766318297
0.721613083245291
0.716188141071892
0.710805573566601
0.705476311061606
0.70023101357262
0.695065009267509
0.689966410747398
0.684917165257149
0.679932078326514
0.674984454897992
0.670127379328225
0.665342239047919
0.660628554495691
0.65598891379343
0.651381038297377
0.646859588109825
0.642351271841286
0.637864499622344
0.633442077106991
0.629045298086953
0.624712477603599
0.620458763481987
0.616202283529934
0.612026666350165
0.607869929525538
0.603807927996405
0.599743804947723
0.595703672937987
0.591719059109608
0.587737502420836
0.583820709910517
0.579914916662609
0.576013032261915
0.572169577741727
0.5683773120727
0.564624978084826
0.560920524576153
0.557296329648702
0.553670531909069
0.550052829196506
0.546427697620766
0.542889461749902
0.539343112390502
0.535852302746269
0.532398784541149
0.528936813442665
0.525523629709346
0.522146731419209
0.518810862331459
0.515497951450915
0.512243028157987
0.509009163017324
0.505771461247297
0.502555629223778
0.499369868705055
0.496208768681587
0.493059011827245
0.489963772756068
0.486884118917385
0.483810092247583
0.480745127991118
0.477724875257829
0.474718202039523
0.47169828603628
0.468736010523549
0.465775780531177
0.462866473685977
0.459998322230924
0.457143760232855
0.454301891752725
0.451470455217977
0.448644256134526
0.445820261928433
0.443028537912941
0.440240199926457
0.437488292804816
0.434750868669357
0.432073545129807
0.429421345728702
0.426813649606096
0.424219897128486
0.421627118196912
0.419032539137767
0.416462762344785
0.413910669753989
0.411392518353418
0.408881497196956
0.406386289096444
0.403928351415207
0.401505400603326
0.399088316248136
0.396651635804164
0.394197657756928
0.391769792228569
0.389370408295672
0.386989639862657
0.384619011906454
0.38227117823041
0.379981148183942
0.377680423245688
0.37539654103346
0.373150266218908
0.370906349569308
0.368662138484421
0.366431090671838
0.36425008256354
0.362032305188132
0.359818460058509
0.357636525713003
0.355461446469236
0.353302436905357
0.35116586412376
0.349059425484829
0.346966986537036
0.344866749518762
0.342803039705072
0.340739990012769
0.338702599415784
0.336683415993866
0.334660047874225
0.332607065390443
0.330588394668287
0.328585125571371
0.326632025050791
0.324650833061612
0.322697112127325
0.320751739626261
0.318782570503208
0.3168382421791
0.314937456984576
0.313044598512232
0.311176890698455
0.309316590365418
0.30745790254115
0.305616607512441
0.303784533392619
0.301956544806384
0.300151421560191
0.298366299850601
0.296586092384175
0.294804791838015
0.293023729463816
0.291258140104906
0.289527972039754
0.287810308767305
0.28611048868815
0.284418040145025
0.282720994094513
0.281031442104315
0.279338938703557
0.277679616768608
0.27604963369634
0.274410604090938
0.272767599435278
0.271107444421422
0.269479708868281
0.267869743678979
0.26625920089228
0.264657289335724
0.263082853282296
0.261517481861189
0.259979361651035
0.258412807208233
0.256868994039816
0.255330412318214
0.253785032820949
0.252293167643644
0.25080609866284
0.249329288000387
0.247857231332794
0.246403454959233
0.244955998117517
0.243511698103974
0.242065207935175
0.240636154540311
0.239197863779331
0.237786994302639
0.236391913831065
0.234978180941597
0.233561430850843
0.232138110238721
0.230722294574328
0.229309730045409
0.227909160161112
0.226527607621165
0.225148733678517
0.223791250067037
0.222417592128497
0.221068331840446
0.219740766717846
0.218442013112529
0.217130001951965
0.215801461952288
0.214486657503031
0.213202079049127
0.211916197520394
0.210630499509998
0.209356095254653
0.20807288477344
0.206830020357714
0.205583195206274
0.204377384318732
0.203161318255068
0.201932893219003
0.200697313012376
0.199482661016475
0.19827104482079
0.197056858192568
0.195882019288506
0.194709726363876
0.193518316483802
0.192371583571582
0.191202351856157
0.190065542838687
0.188936997837853
0.187787791056619
0.186648450081595
0.185508188146627
0.184374713940716
0.183266661163856
0.182175260837889
0.181092460945594
0.179995505404459
0.178898123339901
0.177776965894916
0.176679737274636
0.175606286004346
0.174562508415014
0.173517861025899
0.172479771786594
0.171447350759721
0.170416817659124
0.169372192691953
0.168334015527172
0.167302548290571
0.166301993595402
0.16533170220952
0.164357912804944
0.163378367066553
0.162435055835648
0.161490712710284
0.160550038403452
0.159630495715071
0.158712724919335
0.157793592350323
0.156885035092621
0.155995254370608
0.155093346635352
0.154181495890515
0.153294831697801
0.152414976273705
0.151584841301596
0.150721013217697
0.149875347875108
0.149033193381835
0.148170761607993
0.147325144962602
0.146454501986036
0.145597240245167
0.144773360691631
0.143948117192176
0.143139105959384
0.142315097253028
0.141521739424519
0.140722984175328
0.139908114434905
0.139143857204513
0.138380040434663
0.137607010064354
0.136847086754965
0.136070720072057
0.135244755633135
0.134428737001724
0.133641558510275
0.132854742904286
0.132042270218953
0.131249324267617
0.130472928551826
0.129720202662264
0.128958539734031
0.128196320435333
0.127440436718669
0.126699341595216
0.125957407554433
0.125230584131734
0.124523931557183
0.123813139287024
0.123135278319739
0.122468610046008
0.121769927880721
0.121076409525576
0.120408274459856
0.119728375261439
0.119046057877007
0.118346623798677
0.117640704713146
0.116947504443676
0.116273213022734
0.115629541625678
0.114991564701142
0.114381787908622
0.113781620671937
0.113192404497313
0.112580163362854
0.111982320763502
0.111358887223014
0.110740996196091
0.110112397122637
0.109494556869216
0.10884490547865
0.108202055395466
0.107569617118805
0.10691547480738
0.106266622490817
0.10561771788192
0.104976005417226
0.104343704596413
0.103719878476245
0.103119014611731
0.102496723140616
0.101900395517056
0.101314180818768
0.100724110151245
0.100122328514033
0.0995346126877849
0.0989649290100399
0.0984025626775913
0.0978556071102175
0.0973110707731294
0.0967517793127797
0.0961868953215708
0.0956260565072914
0.0950546538643596
0.0945215415523963
0.0940241559556952
0.0934885525582279
0.0929432726966326
0.0924038422083085
0.0918874261443194
0.0913711340167867
0.0908714304565663
0.0903450746021687
0.0898076516601081
0.0892606672529896
0.0887635333205403
0.0882187943425961
0.0876992768743043
0.0871834256279101
0.0866910221124928
0.0862051956395859
0.0857053117542981
0.0852151890493006
0.0847487421764575
0.084255347078536
0.0837684919267402
0.0832736764412726
0.0828001368433467
0.0823220377331307
0.0818567968551135
0.0813949112216318
0.0809311164947775
0.080468943361833
0.0799993869199544
0.0795252317750295
0.0790534460366651
0.0786039458814102
0.0781718455022793
0.0777599214410552
0.0773482905865023
0.0769418111273474
0.0765412017515098
0.0761588322619973
0.0757574794320906
0.0753516623456743
0.0749750967667844
0.0745913631994586
0.0742136877120958
0.0738197109174616
0.0734298047547573
0.0730534293395833
0.0726643303466969
0.0722602052074122
0.0718645200822993
0.0714697399458387
0.0710732753133621
0.0706721049945354
0.0703033041406742
0.0699513900044481
0.0695701082662439
0.0692449595006827
0.0689372958034844
0.0686035645938161
0.0682548991137221
0.0679369951069431
0.0676207489856987
0.0673009901563262
0.0669808594516329
0.0666699920656924
0.0663718536119192
0.0660523281796788
0.0657093935774432
0.0654090025517197
0.0650585043260733
0.0647039803300554
0.0643743330024355
0.064059356366516
0.0637740393304007
0.0634721042209119
0.0632072820186034
0.0629193172141592
0.0626156327367415
0.0623119237401531
0.0620262509051772
0.0617184568179196
0.0614316904256605
0.0611352937118993
0.0608448924777923
0.0605599152461156
0.0602596597190218
0.0599337098131767
0.0596232998507722
0.0593229377263915
0.0590377470785232
0.0587468788812907
0.0584599867909348
0.0581626348785243
0.0578909834056281
0.057607731788007
0.0573447540287187
0.0570756611227409
0.0568339178620401
0.0566022596831784
0.0563643061273536
0.0561253331934615
0.0558703078478357
0.0556138381327854
0.0553670725560759
0.0550881020185056
0.0548085956353999
0.0544959915110044
0.054191604931229
0.0538992872708357
0.0536148225604112
0.0533240679805509
0.0530398305001077
0.0527797917193863
0.0525086476158058
0.0522593987950563
0.0519889482559763
0.0517184546693935
0.0514622472558026
0.0512125347586116
0.0509460007132619
0.050671655141967
0.0504143356804118
0.0501716638983257
0.0499217590328557
0.0496923519308095
0.0494533621424094
0.0492174688413462
0.0490001449262706
0.0487573879101817
0.0485170767156931
0.0482721329254827
0.0480446371698528
0.0477899376885028
0.0475563564381063
0.0473230926219865
0.0470818570298517
0.0468487271146696
0.0466168292970675
0.0463748742104348
0.0461502934103183
0.045959045483048
0.0457527866364679
0.0455589768725774
0.0453370811592121
0.0450944500037295
0.0448650210895463
0.0446390758815792
0.0444444220550209
0.0442291925823674
0.0440298359184611
0.0438283576372755
0.043607006046619
0.0433905929882147
0.0432003039025671
0.0430014755676034
0.0427808604662806
0.0425714197159198
0.0423307248081013
0.042126962614031
0.0419206864566134
0.04171533292613
0.0414856038028059
0.0412778436415053
0.041098533644962
0.040929695182199
0.0407094830486467
0.0404969709422576
0.0402607838872129
0.0400328225176082
0.0398302938314978
0.0395980012218926
0.0393751903788818
0.0391315144558418
0.0389139423128059
0.0387054210453397
0.038487115494245
0.0382873670791252
0.0380889903706025
0.0379023007279052
0.0377026424490026
0.0375133585528554
0.0373034372706819
0.0370967776182572
0.0369070450159334
0.0367169711163251
0.0365317068559383
0.03636876474061
0.0362087345274936
0.0360568054444903
0.0359000935647017
0.0357572612864597
0.035596995736725
0.0354407243409917
0.0352407807078139
0.0350407291537263
0.0348578911804178
0.0346366925458267
0.0344250483514925
0.0342454731711404
0.0340492661402581
0.0338428286699981
0.03365507821461
0.0334491991312017
0.0332540544018512
0.0330727239086806
0.0328839930419212
0.0326786377612267
0.0324596892321684
0.0322381271228724
0.032022115684553
0.0318195512824743
0.0316172812770408
0.0314421977502138
0.0312500717146494
0.0310336397112044
0.0308253303140029
0.0306118790763706
0.0304357129029722
0.0302425901029825
0.0300562381557571
0.0298909072669662
0.0297359665853756
0.0295999194718061
0.0294230040876538
0.0292600747942953
0.0290932189824504
0.0289250654716282
0.0287832425475255
0.0286165848027967
0.0284591020722125
0.0282913321109561
0.0281631389955724
0.0280063319791951
0.0278652257702075
0.0277128704945923
0.0275410928989376
0.0273701657014162
0.0272105067005048
0.0270541565334918
0.0269044968691003
0.0267628618906694
0.0266289815445577
0.0265016150793054
0.0263443891947506
0.026186553544265
0.0260178475901636
0.0258408140970227
0.0256760675593785
0.0255119035499776
0.0253395328794807
0.0252283416670378
0.0251236099989929
0.0250232220539
0.0249217961651781
0.024835306333609
0.0247255814382954
0.0246062873694758
0.0244664385273212
0.0243306108203456
0.0242122573739154
0.0240857072037847
0.0239555273032823
0.0238189767200432
0.0236791789046355
0.023524712032817
0.0233667624933877
0.0232376286247233
0.0230797536365946
0.0229299847114223
0.0227596308548284
0.0225907707545859
0.0224230161987097
0.0222887474699453
0.0221680664061235
0.0220301397417425
0.0218924969160088
0.0217461544447515
0.0215797936442938
0.0214351909752547
0.0212939128246004
0.0211557575843096
0.0210411514357861
0.0209167349825949
0.0207935565040604
0.0206692115763197
0.0205438591407748
0.020439276795233
0.0203286116756351
0.0202383899875134
0.0201160609746948
0.0199827278908465
0.0198672239379751
0.0197775577467773
0.0196772639173154
0.0195609096310469
0.0194167400252279
0.0192756521413564
0.0191686473325751
0.0190718896203852
0.0189448957151748
0.0188161811657487
0.0186773546935368
0.0185431679773621
0.0184087638363773
0.0182861269284644
0.0181654422957825
0.0180351169663118
0.0178991984124695
0.0177741033508038
0.0176295388504453
0.0174815328919129
0.0173504594432141
0.0172257375733494
0.0171134567201034
0.0170356917315477
0.0169508391789439
0.0168580461496539
0.0167571273653635
0.0166810446187038
0.0165776711564597
0.0164685483488047
0.0163875888659125
0.0162983936826415
0.0162399056618636
0.0161515651439453
0.0160510066085618
0.0159480845808368
0.0158275022327781
0.0157277974540351
0.0156063863380609
0.0154673442903063
0.015311015400547
0.0151640274148931
0.0150352785506521
0.014884569057993
0.0147404126346031
0.0146080141999103
0.0144528254384551
0.014316452082252
0.0141978404168149
0.0140857100676346
0.0139600222885035
0.0138171584973197
0.013691440263787
0.0135655060233743
0.0134394985752605
0.0132948633751163
0.0131614378071711
0.0130560295749527
0.0129032294653366
0.0127818058091478
0.0126649324018802
0.0125387938746481
0.0124322377688162
0.0122952341561731
0.0121881655893333
0.0120722144663769
0.0119457836965966
0.0118508651140163
0.011754326823829
0.011660726648325
0.0115767096250637
0.0114852972613145
0.0113944471824112
0.0112591762687467
0.0111384497831427
0.0110193223920923
0.0108908265579112
0.010799891753042
0.010687688906464
0.0106017865601963
0.0105130821015597
0.0104359023522922
0.0103545245851225
0.0102559502779779
0.0101720685875353
0.0101007290501011
0.0100390559604272
0.00995810682413512
0.00986420428646184
0.00979431332038262
0.009692312618245
0.00962346423829787
0.00956322986195258
0.00946728044110157
0.00935147059186824
0.00924657930594725
0.00913663056244267
0.00904184515064823
0.00894622412693974
0.00885427172029492
0.00875978106383506
0.00866762292891467
0.00858009751877833
0.00850885437033456
0.00844313140445232
0.00836031911788517
0.00827301158137761
0.00822876302284371
0.00814439758460224
0.00805066766487991
0.00794484007901475
0.00784225416652824
0.00773630464487191
0.00767223307471692
0.00759650204783204
0.00753311407792121
0.00748309427975485
0.00739972625498995
0.00732821958497933
0.00726167358601001
0.00720024701726438
0.00714947629557379
0.00708027372070952
0.00697700195932397
0.00686099354683963
0.00675195877240741
0.00664819359140808
0.00653689380726848
0.00642304694224476
0.00627830993689322
0.00618779763671162
0.00609663864462264
0.00599725785494563
0.005928965406662
0.00583330171403931
0.00572411815933064
0.00564516295787361
0.00556437696365997
0.00549210842414887
0.00541739570381139
0.00535779948211845
0.00527772789612526
0.00519007259254726
0.00511607667458405
0.00504619220004117
0.0049928069619106
0.00490686404789024
0.00482799427860053
0.00473557693512205
0.00466140262081051
0.00457285934646385
0.00451279545047934
0.00441673804701037
0.00436322023800594
0.00429541492232095
0.00421297659673948
0.00414520332661522
0.00406904848411403
0.003997343528907
0.00393135972313813
0.00386259682766175
0.00381349826356226
0.00375868141926642
0.00370839073417154
0.0036690421953632
0.00364963380886068
0.00359857069158317
0.00355060098432847
0.00349363943904891
0.00340450289508579
0.00333803023748415
0.00325607013728165
0.00317805342546849
0.00308143814590453
0.00297040060824009
0.00291223122823593
0.00283543603395643
0.0027216607389498
0.0025977221468903
0.00248672192113272
0.00239475258670587
0.00230383596094318
0.00220825131487652
0.00211369576709493
0.00203958075348068
0.00194783552305889
0.00186540240697548
0.00177579434030607
0.00168604163618554
0.00163467607967588
0.00156813496251561
0.00148272129349056
0.00139087653392146
0.0013139413641933
0.00127771250474965
0.00123965262691027
0.00117786695451431
0.00111230502406184
0.0010614037834827
0.00102627712172033
0.000993615646759268
0.000943573277336574
0.000868076318648503
0.000828964346953544
0.000793970155019131
0.000743161756088757
0.000687979582226815
0.000608843956979555
0.000549033163313454
0.000497549970717998
0.000463207030869704
0.000411998669685693
0.000366740170890199
0.000332776077062469
0.000308081686992548
0.00027500953416452
0.000246549422394197
0.000204871818971247
0.000168359939699198
0.000148043674495311
0.000142188726047048
0.000126371373926868
9.04199223114405E-05
7.24697388213742E-05
3.55475534132828E-05
2.19265756681253E-05
0.988277185017424
0.980166585025837
0.973785450178127
0.968350408674974
0.963487651510494
0.958983674795459
0.954768173626034
0.950758237552427
0.94690181815164
0.9431904425891
0.939608890560268
0.936136469724826
0.932765668161593
0.929479088177738
0.926267224753577
0.9231234725959
0.9200360166069
0.91700534606919
0.914032329855174
0.911147486848118
0.908301079809769
0.905496792037756
0.902738045991536
0.900023134147488
0.897338759130356
0.894693390881415
0.892083056519451
0.889524120310008
0.886985049782232
0.88448827921995
0.882011420274226
0.879570890048765
0.877162885861061
0.874784608874518
0.872427163043785
0.870093523901009
0.867791745086161
0.865523938837453
0.863260515549087
0.861019462757539
0.858829413690626
0.856659265661695
0.854498660601338
0.852363353107179
0.850254312040462
0.84815978494582
0.846092336179303
0.844032136374083
0.842012728220341
0.840002264039282
0.838016096545652
0.836040873822217
0.834076181903399
0.832140764824763
0.830197388505896
0.828271586591889
0.826369426021256
0.824479846766947
0.822607327659406
0.820757919566949
0.818914792489877
0.817083140912601
0.815267384452422
0.813439270431927
0.811634260002812
0.809832839344723
0.808033159460755
0.806242066809865
0.804479677796544
0.80272234174238
0.800977143844097
0.79925963070686
0.797543667488015
0.795841018390703
0.794136405571302
0.792452701481574
0.790785363189632
0.789116627172877
0.787456855659037
0.785808074473684
0.784177021465505
0.782549224015921
0.780919946024066
0.779299461404187
0.77769871129907
0.776101944185966
0.774503819469359
0.772932907398166
0.771356952437065
0.769796631199228
0.768247909804834
0.766709638214053
0.765180926187474
0.763646285875926
0.76211546627793
0.760602260289554
0.75909475517824
0.757590447002019
0.756092552250778
0.754610339171797
0.753149664742674
0.751699237545111
0.750232948899641
0.748774021895786
0.747315636447331
0.745860090222019
0.744420383814581
0.742991396253176
0.741571472735501
0.740153657913361
0.738735683325782
0.737331584460738
0.735925470071488
0.734529627878885
0.733145052795931
0.731774767874222
0.730413010780624
0.729050287635659
0.727718245128211
0.726382502103949
0.725037915084609
0.723687146376596
0.72235266059568
0.721024067075238
0.719704078084311
0.718392922880324
0.717081914472682
0.715775741111252
0.714480420813272
0.713180992416403
0.711885404876883
0.710618175073197
0.709343234181082
0.708074916600576
0.706815852443675
0.70556206758538
0.704297642016924
0.703042871811019
0.70177562359462
0.700518850200375
0.699256944619774
0.698010503190778
0.69675964198707
0.695528872246301
0.694309105490782
0.693085670620845
0.691875257640634
0.690668059412972
0.68946420242088
0.688263620435173
0.687063261588181
0.685860733759278
0.684665989248515
0.683468722098108
0.682270290798499
0.681072501541075
0.679876420133193
0.67868327796305
0.677496859065939
0.676313435511632
0.675148828001627
0.673984108686018
0.672819019789805
0.671673509968502
0.670532394606672
0.66938586314424
0.668241329576216
0.667112600812965
0.665980519903138
0.664857008019625
0.663741931347038
0.662621607032894
0.661528293162831
0.660431419071746
0.65934649745814
0.658258156584188
0.65716818479325
0.656083099846101
0.654993988041519
0.653904606587278
0.652829811842718
0.651769073376035
0.650699553608461
0.649648992988141
0.648575884357281
0.647507408922731
0.646448198431407
0.645413627217163
0.644376242218186
0.643339133521613
0.642302862255093
0.641266293316685
0.640226775442384
0.639185846204216
0.638150277227242
0.637100922551487
0.636054927199697
0.635000873940038
0.633960311159157
0.632938056617213
0.63191618317417
0.630903048348447
0.629880442384559
0.628867484854593
0.627853158596565
0.626853167468725
0.625850673131993
0.624855338403511
0.623863593549913
0.622861611602712
0.621873535780855
0.620867413422682
0.619890209889418
0.618910629082794
0.617938395552022
0.616971062655744
0.616011448937993
0.615042683018362
0.614072841556737
0.613098767818288
0.612124605035183
0.611154104968001
0.610187419442741
0.609226167628981
0.608271514585035
0.607319710701363
0.606380118719603
0.605444323266659
0.604499865000296
0.603554171284547
0.602617266747203
0.601668388550539
0.600726492299357
0.59979302298162
0.598851271789174
0.597922699888715
0.59700532836546
0.596095095100815
0.595188713983445
0.594274924654909
0.593366584805445
0.592468301415405
0.591565730052668
0.590674924960451
0.589782620040958
0.588894508096297
0.588010257461899
0.58713283354843
0.586248016177081
0.585366926400554
0.584472804549254
0.583599414042422
0.582720130255601
0.581848102075549
0.580975311042816
0.580103731374456
0.579231553783561
0.578364054086722
0.577500902618909
0.576638673916355
0.575782845359699
0.574915221670674
0.574058109644598
0.573207829913051
0.572374516369915
0.571535400094984
0.57067765065536
0.569831413927915
0.568997778260017
0.568175140811985
0.567344852157363
0.566518494841728
0.56569120684776
0.564871203906907
0.564050607439245
0.563223116757958
0.56240622808306
0.561589422162364
0.560794379966085
0.559983077433662
0.559182110651386
0.558374468809352
0.557570954806693
0.556783379487125
0.555986447753233
0.55518832522862
0.554399051822142
0.553602015873674
0.552804724305882
0.55200939369128
0.551206952630718
0.550403990834052
0.549612765821494
0.548822607897715
0.548019525544581
0.547233614766267
0.546441932875399
0.545639554863395
0.544836990831969
0.544038190110393
0.543249894094689
0.542454118879797
0.541643838029343
0.540851435791709
0.540058443342674
0.539269607711323
0.538483996797158
0.537697212613698
0.53691180007576
0.536122920506691
0.535340978857657
0.534550563858772
0.533772471845039
0.533010182237628
0.532238152479009
0.531469449783693
0.530699706551387
0.529940832794404
0.529192133865058
0.528454063042949
0.527708198232504
0.526959581549417
0.526209066402596
0.525453613552475
0.524693885741068
0.523945864543013
0.523194090375031
0.522453743344007
0.521721756038143
0.520980879661169
0.520245962799899
0.519513046962382
0.518789599427924
0.518058712449213
0.517328203295247
0.516600148052685
0.515879952281556
0.515161561914968
0.514441205772569
0.513714573256614
0.512995835385087
0.512277378124477
0.51156814157667
0.510863318995613
0.510152767869979
0.509443377113511
0.508739245670299
0.508030428442026
0.507321669784799
0.506614560221815
0.505909107630098
0.50520661174637
0.504492378588203
0.503775906462667
0.503070524683923
0.502375756549336
0.501669526569071
0.500974048689484
0.500275855637785
0.499578602552743
0.49887343988786
0.498174350302609
0.497493667979656
0.496798642307657
0.496103153976968
0.495420655085073
0.494745212231402
0.494059606970402
0.49338064333938
0.492708481980748
0.492025320311285
0.49133456619341
0.490650448835704
0.489960273040707
0.489276253058992
0.488608214772624
0.487937316812298
0.487271878403379
0.486600781005492
0.48593158816978
0.485262222002392
0.484595767778069
0.483928409201415
0.483259728629637
0.482610630145327
0.481967794586584
0.481330735224963
0.480667980452004
0.48001460059766
0.479348201762578
0.478684669879075
0.478020225081395
0.477360907772512
0.476703612374069
0.476052631589023
0.475394498890121
0.474737222203918
0.474072785507369
0.473406136881565
0.472751554033117
0.472096498812805
0.471445927683785
0.470799308561386
0.470163011343655
0.46952622747985
0.468884385123994
0.468260321995712
0.467628316625845
0.467000462484378
0.466371237624542
0.465742205773371
0.465122748973534
0.46450039944251
0.463867070064096
0.46324016045219
0.462618876405881
0.461995122742174
0.461377732168302
0.46077050258487
0.460150836245173
0.459530411898681
0.458902871882192
0.458272928266643
0.457658541750415
0.457035874453124
0.456412666258409
0.455781902397464
0.455140154657843
0.454499965708532
0.45385156944848
0.453213917668706
0.452581310902448
0.451956389513145
0.451330678467124
0.450707826526176
0.45008083618474
0.449459541037136
0.448840494527125
0.448224173577421
0.447602045317244
0.446973251339659
0.446346608729796
0.445717370018469
0.445082578884753
0.444450579390967
0.443825301185415
0.44320738141872
0.442579977413409
0.441968221723826
0.44135749428424
0.440723940712838
0.440091832858572
0.439470296098753
0.438841601624494
0.438215652812722
0.437600702898904
0.436989588913707
0.436375668347308
0.435782380946212
0.435184658907594
0.434587146346622
0.433988693641878
0.433412705789283
0.432825105639976
0.432247980676715
0.431667800535931
0.431087454783101
0.430511828258184
0.429952911340207
0.429396508386382
0.428844689956628
0.428286311992571
0.42773250125403
0.427176161826551
0.426616886718003
0.426061242760192
0.425505101988377
0.424954048263664
0.424400734263519
0.423845522579046
0.423295134945905
0.422747852525322
0.422199689391958
0.421646520657272
0.421103753265657
0.420573496931139
0.42005429836636
0.419533391681526
0.418998645955118
0.418460866601112
0.417914466096673
0.417372446574351
0.416836045413136
0.416303902778247
0.415783795917324
0.415264045647359
0.414738749584734
0.414212373553928
0.413676487739573
0.413146178725636
0.412621187350152
0.412093243401415
0.411560204179346
0.411044242105098
0.410540480548042
0.41002931403549
0.409504243735205
0.40899128298175
0.408477371144541
0.407957555585905
0.407431156058454
0.406909562711722
0.406394404154887
0.405872975856288
0.405343620873086
0.404828636836707
0.404316984176887
0.403807528662601
0.4032961151265
0.402781081606122
0.402269318945731
0.401766885583831
0.401255900127855
0.40073865488904
0.400224733430663
0.399712500725293
0.399196133358969
0.398676729445048
0.398161511516789
0.397658476538751
0.397162429683193
0.396660489062856
0.396148614183179
0.395654702590518
0.395156889277084
0.394657531545033
0.394153940148756
0.393650544184358
0.393141832385514
0.392644125707949
0.392134343658231
0.391631365327849
0.391136509315945
0.390648269275965
0.390149948293961
0.38965476874955
0.389158711556611
0.388661783935421
0.388170262219729
0.387664161478524
0.387164289125052
0.386663563184778
0.386157960422897
0.385664213973767
0.385160188199025
0.384659057182474
0.384173524123234
0.383676774373982
0.383183324778454
0.382698119832378
0.38220329473886
0.381717520963289
0.381227472870648
0.380732353329728
0.380243503439426
0.379763786016305
0.379268455926163
0.378775123781715
0.378292595188735
0.377808019635848
0.377331069815838
0.376854821947007
0.376358783521587
0.375876944687854
0.375397755568276
0.374919279640544
0.374436229797039
0.37395269891433
0.373467631303029
0.372984375959245
0.372501423037552
0.372015371070923
0.371528565827212
0.371046776978535
0.37055841850044
0.370068320920674
0.369586854281614
0.369107090015338
0.368626118041359
0.368148004128585
0.367668212722577
0.367185591677039
0.366696956108848
0.366206746449706
0.365725787278658
0.365237591351457
0.364745196985663
0.36424979939902
0.363772523616149
0.363310288159701
0.362844644522443
0.362368414817342
0.361889947947139
0.361412266663749
0.36093673520719
0.360472382974019
0.360009392226565
0.359534067864608
0.359075543999715
0.3586197622177
0.35815818107631
0.357702329636709
0.35724212164934
0.356785199676049
0.356327054013349
0.355881022072619
0.355427736795065
0.354971606324584
0.3545213968564
0.354090371687561
0.353656638012603
0.353229471372077
0.352805447564699
0.352368282554396
0.351931216280644
0.351486106077112
0.3510467528478
0.350610975953622
0.350175573196023
0.349746793095066
0.349316462816037
0.348868346079483
0.348418388045075
0.347972344798697
0.347536067677673
0.347077403344369
0.346623344310123
0.346179625818158
0.345733868275448
0.345289022777561
0.34484336117833
0.344380650531148
0.343922304732031
0.343469236302688
0.343025122217149
0.342576240517634
0.342141475838416
0.341686022794445
0.341238798860096
0.340788965475139
0.340348756267833
0.339911884436715
0.339477169176625
0.339037836770551
0.338604408577967
0.33816164256936
0.337715383047542
0.33727501308919
0.336833177938136
0.336407131197432
0.335983950513323
0.335552680500075
0.335126938528071
0.334702433049865
0.334277138397623
0.333866835005784
0.333457317910959
0.333033494456477
0.332599414010708
0.332158472955747
0.331723592302449
0.33129946890328
0.330891615374334
0.33047401277681
0.330064982621865
0.329657483171836
0.3292487179375
0.328843767039394
0.328451102430443
0.328057159720836
0.327652871164975
0.327250927076198
0.326849825518641
0.326435763446757
0.326022347922336
0.325602988204548
0.325186731983626
0.324776396533366
0.324372739025951
0.32396533204646
0.323551766863982
0.323140904107257
0.322715205234199
0.322306076772165
0.32189453517512
0.321485915675444
0.321086327771038
0.320693179739747
0.320287726545782
0.319884073119369
0.319483234594312
0.319084267732937
0.318686296897122
0.318287404986723
0.317892108557827
0.31749818393864
0.317099425160318
0.316693488551254
0.316295051078544
0.31589895436771
0.315504256888497
0.315108728849036
0.314714755329472
0.314322708224183
0.313937778062093
0.313547242504408
0.313165563210741
0.312783531941776
0.312401461864072
0.312014922110819
0.31163245094887
0.311243882020645
0.310862005273964
0.310482658963579
0.310105564622343
0.309726537779278
0.309344727481207
0.308968523612516
0.30859847585046
0.308208706357602
0.307826175178935
0.307447348055416
0.307069750548252
0.306690927600297
0.30631337464143
0.305934046263702
0.305549439179235
0.305157264195365
0.304777764035443
0.30441004858439
0.304041685934901
0.303663803165184
0.303291771378724
0.302916172966245
0.302548652065096
0.302184841048497
0.301803555172324
0.301435887617971
0.301063433359406
0.300686428997451
0.300306695059989
0.299924546033791
0.299543373454687
0.299159905193489
0.298780034583616
0.298408899943741
0.298037982334947
0.297658655031232
0.297275269024748
0.296907143540072
0.296537347344373
0.296167855175934
0.295801010536608
0.295440083028079
0.295089562664512
0.2947387667742
0.294377814266158
0.294024404099043
0.293664828554698
0.29330279538558
0.292951348125082
0.292595777084647
0.292244302966381
0.291882674992739
0.291517961600415
0.291159130808779
0.29079639255612
0.290435319248252
0.290082810650777
0.289735165596328
0.289391761774158
0.289044349582433
0.288705980059888
0.288368875713964
0.288024234817573
0.287666582824115
0.287323562475701
0.286979847996711
0.286637345165321
0.286290064245232
0.285935878419003
0.285594118380637
0.285245813973708
0.284897852598287
0.284564873671989
0.284235223723113
0.283903175954619
0.283560537279333
0.283218428175142
0.282879972515169
0.282539378848017
0.282204474464934
0.281869946781016
0.281530248519212
0.28118985097078
0.280837605366101
0.28049254073678
0.280148117905577
0.279795406527846
0.279453420266449
0.279120618051954
0.278791024634339
0.278451399259475
0.278122481947077
0.277785379415208
0.277449386507253
0.277114014404195
0.276783259912881
0.276460509804105
0.276132043055303
0.275795942999624
0.275462712368414
0.275140718847697
0.27481407312641
0.274478971717337
0.274141115344456
0.273816737563208
0.273483197053013
0.273151335697564
0.27280925151039
0.272485067273911
0.272156577024203
0.271839922868588
0.271516853187845
0.271193811968579
0.270875079192092
0.270550927438264
0.270229379246664
0.269914010401762
0.269598636811856
0.269284627563755
0.268956736635714
0.268627751883149
0.26830094269686
0.267968530862883
0.267645070574251
0.267321704656715
0.266989926205751
0.266664898156964
0.266321483276389
0.265978295960631
0.265629321920478
0.265285699812317
0.264938679393792
0.264603057250949
0.264275607681061
0.263951624610989
0.263626735175442
0.263288629299729
0.262957794889107
0.262630189146102
0.262301607238046
0.261968144268575
0.261648324723943
0.261321745002639
0.260997251461942
0.26066829840647
0.260337289125664
0.260004790704308
0.259684032933138
0.259356724007356
0.259039883645981
0.258708682649197
0.258374448596645
0.258037819689521
0.25769583049355
0.257350211639581
0.257006323625203
0.256669503581961
0.256349901280849
0.256025179306015
0.25570791811995
0.25538308613677
0.255046568067757
0.254725953828992
0.254395635978481
0.254071835615047
0.253742869258806
0.253412651088265
0.253094358327091
0.252768123397023
0.252434826580507
0.252112187865629
0.251797162907797
0.251487695910528
0.251169963621451
0.250842447467245
0.250504100732597
0.250170307695234
0.249846832914489
0.249533832064311
0.249224319010702
0.248898068941852
0.248580796205316
0.248272956561818
0.247968555313543
0.247653211927909
0.247340156068982
0.247017893943539
0.246696295190267
0.246369223376702
0.246048466154407
0.245727466394526
0.245412032781687
0.245095640713507
0.244776355477089
0.244448404161249
0.244132145133503
0.243816737239675
0.243485619425218
0.243166257743751
0.242849370014594
0.242529907895573
0.242215646660866
0.241909701804474
0.241596042728089
0.241293370496941
0.240997283638485
0.240695995083008
0.240407731783247
0.240110681484564
0.239821417780252
0.239533554145634
0.239241888600928
0.238957303121761
0.238678677154391
0.23839262964575
0.238107629168701
0.23782629710164
0.237534499889689
0.237251064387564
0.236952975331599
0.236660614366377
0.236365654396649
0.236064744171255
0.235764202254757
0.235466693270984
0.235166634344586
0.234849039540299
0.23454231818289
0.234240868301676
0.233943705016
0.233650647098123
0.233364986837802
0.23307499387846
0.232783780038391
0.232496520696384
0.232201111717289
0.231916614598047
0.231616030086592
0.231314120341576
0.231013955700075
0.230712639515007
0.230415797432132
0.230114911655069
0.22982106072372
0.229529124371561
0.229248066913627
0.228972026249494
0.228683822170575
0.228410221434144
0.228138977674765
0.227863696693273
0.227578188965128
0.227285886676636
0.22700059229545
0.226718371737722
0.226449516989467
0.226174563374709
0.225892599778172
0.225600407987658
0.225315636856575
0.225026347901728
0.224730899280465
0.224441568549765
0.22415546185356
0.223871710076332
0.223594243669132
0.223316824663643
0.223034307917458
0.222760670210825
0.222481009827401
0.222209948720359
0.221934061052226
0.221655055359614
0.221380972755562
0.221116850334689
0.220837479702975
0.220554326628872
0.993016953458692
0.988180856787295
0.984371314688042
0.981121241336594
0.978209236161256
0.975525386442108
0.972993694934768
0.970593974831533
0.968298704309872
0.966082507566408
0.963939755797164
0.961851558622784
0.959827275481743
0.957843066348417
0.955918665488313
0.954035775942388
0.95217599315732
0.950355144182707
0.9485696699677
0.946812296630455
0.945087711714165
0.943386633174638
0.941721540116423
0.940086567158568
0.938471129033164
0.936881692949019
0.935310922631385
0.93375839369124
0.932232570659999
0.93072334052786
0.929234070656516
0.927757378917766
0.926293929345351
0.924842205507325
0.923406263236422
0.92198806399142
0.920585427115853
0.919198987162718
0.917823962278113
0.916460367533165
0.915109999068681
0.913774048518171
0.912452157214341
0.911136727765334
0.90983555962511
0.908546208611966
0.907274192971149
0.906012585269915
0.904763948231101
0.903528289164316
0.902304806146918
0.901091857512978
0.899877000369957
0.898664618167654
0.897463095164073
0.896280749982132
0.895104575356686
0.893939568022363
0.89277213042472
0.891618654505739
0.890467439544608
0.889332549212442
0.888196967761559
0.88707285071637
0.885944612841941
0.884830688249326
0.883728709391576
0.882628668446226
0.881532578189289
0.880443446652801
0.879355992561386
0.878283007079417
0.877217310207153
0.876153875229588
0.875096954738727
0.874053197554878
0.873012459344725
0.87198189202076
0.870957431295763
0.869938871547413
0.868924384503042
0.867915430455623
0.866905968057815
0.865899381763575
0.864904981683618
0.863914398298219
0.862932002236961
0.861948059938517
0.860974383634614
0.860000889575311
0.859045443460628
0.858089356463566
0.857142246335589
0.85619745954456
0.855252777222984
0.854308572647398
0.853377947581252
0.852450672986312
0.851522159719912
0.850600841355657
0.849679675399319
0.848762144983888
0.847848185091873
0.8469409301019
0.846039166476729
0.845136956863727
0.844238142464843
0.84334910148296
0.842451569610035
0.841554419789273
0.840658427581573
0.839775109434173
0.838899613033521
0.838027200993835
0.837160158863523
0.83629582263682
0.835431435447632
0.834568104032544
0.83371471450022
0.832861499249946
0.832012897349444
0.831167027589606
0.830320950939621
0.829476358335085
0.828633513777181
0.827795280249871
0.826964489731185
0.826133232112169
0.825308482018641
0.824480012130574
0.823657423880063
0.822838960451979
0.822021673266668
0.821207647168493
0.820396037730607
0.819584908001555
0.818785014123244
0.817985042772636
0.817189055392241
0.816397629535235
0.815615892700476
0.814835191852856
0.814054875008343
0.813277543420316
0.812505588261214
0.811738274328693
0.810974097365678
0.810211798373196
0.809448735578395
0.808696297920618
0.807942761106056
0.807183073906527
0.806420085001475
0.80565837038947
0.804901682133563
0.804143716693857
0.803382786041426
0.802628137666261
0.801879705975024
0.801133293686149
0.800391776936339
0.799657636500638
0.798933853848442
0.798214678724898
0.797496320392112
0.796774261099189
0.796060333559513
0.795345330330416
0.794622395065889
0.793903820194521
0.793184274006473
0.792458689657881
0.791731778198974
0.791013108154322
0.790298697378732
0.789583840007351
0.788878166343919
0.788168978077975
0.787464279453575
0.786766573034845
0.786072109913692
0.78537140585106
0.784668561201884
0.783972040974367
0.783270922424136
0.78256678337578
0.781876119590234
0.781191376193372
0.780507975431242
0.779832098987711
0.779153780784073
0.778476932737694
0.777797820364261
0.777119989453443
0.776447017111618
0.77577705700444
0.775106256376901
0.774441025307107
0.77378111028827
0.773119821464143
0.772456442903989
0.771792618403663
0.771130672771154
0.770475081434518
0.769818132930093
0.769167641117998
0.768521876717984
0.767872090771852
0.767223855605951
0.766576865301457
0.76592779006318
0.765284493962169
0.764650522004352
0.764013669176201
0.76337425389041
0.762739506963993
0.76210458422379
0.761469774569298
0.760838631931473
0.760207182982639
0.759578451524861
0.758942035191888
0.758313930778707
0.757689244646095
0.757070794662873
0.75644372262827
0.75581742589128
0.755185235839604
0.754552057670588
0.753925190091355
0.753297704817269
0.752671586411087
0.752047523543005
0.751421078486074
0.750794324677778
0.750170399237478
0.749547816141979
0.748933225561514
0.748321551422795
0.74770631551022
0.747095400978801
0.746488645761144
0.745878314170028
0.745267679942774
0.744657372785382
0.744056323245616
0.743452374477068
0.742846182132529
0.742249564640795
0.741654587700877
0.741059356520247
0.740472196477464
0.739883376930744
0.739299136516656
0.738715648836281
0.738128380756
0.737542695145844
0.736952038271493
0.736351070658278
0.73575895722082
0.735173251495431
0.73458936002084
0.73400236929345
0.73341612742827
0.732834821773798
0.732250245189768
0.731663603451503
0.731075871098026
0.730480421299797
0.729891041336236
0.729307764280294
0.728716476915278
0.728132829427835
0.727554535432519
0.726971069336926
0.726389010650952
0.725807702934398
0.7252277448133
0.724650634083293
0.724078154773299
0.723510976457581
0.722951605748495
0.722387702486427
0.721829993999001
0.721275379201784
0.720716041241643
0.720153399152497
0.719586479662981
0.719022204870285
0.718460183609891
0.717910904148296
0.717352837500489
0.716798351102546
0.71623813555434
0.71568228552712
0.715126920438878
0.714578959068213
0.714038315639363
0.713501976934672
0.712967870636352
0.712429882930252
0.711894482410597
0.711362035549517
0.710830677501071
0.710311573692487
0.709789474505322
0.70926547000165
0.708736560781954
0.708208893794683
0.707674161245701
0.707140965243814
0.706609716660395
0.706077276999198
0.705545030719414
0.705017346871622
0.704484266965514
0.703962977096448
0.703445026087934
0.702926115718411
0.702407780897287
0.701889524917388
0.701368347843752
0.700843806596366
0.700326176140816
0.699806817987109
0.699285652510104
0.69876537167696
0.698257927972812
0.697749062205619
0.697239949775649
0.696734255236432
0.696231395281544
0.695722014080251
0.69521090151878
0.69469667206316
0.694182896839726
0.693673477157354
0.693172061298216
0.692677519768757
0.692175839109729
0.691671672509787
0.691167856272647
0.690672146814125
0.690162432558641
0.689649704394017
0.689147343076888
0.688649939225794
0.688153658058269
0.687647760250208
0.68714650817949
0.686648380295415
0.686154241761134
0.685665482386485
0.685172083250192
0.684680209035619
0.684191682403829
0.683702574360552
0.683204384026858
0.682708074257906
0.68221632196349
0.681731185383356
0.681242148595473
0.680749173585738
0.680260778880076
0.679778982324115
0.679297768969995
0.678818544872202
0.678331754670616
0.677861547478506
0.677385466823162
0.676910856176578
0.676432897294664
0.675949365866662
0.675466286811705
0.674985786956596
0.674505249990289
0.674026650492527
0.673552951579121
0.673077933351706
0.672605482314708
0.672132693096053
0.671655365790715
0.671180783135908
0.670708934872511
0.670237943854494
0.669771557357319
0.669300529168597
0.668836786566473
0.668375302117713
0.667914617856271
0.667451843782819
0.666984108979993
0.666519611769057
0.666060102663935
0.665591241560193
0.665129120287802
0.664660727398523
0.664203143539237
0.663741135511588
0.663271875516604
0.662794159248769
0.662326223950494
0.661860862253813
0.661395419427186
0.660927169008567
0.660459451538188
0.6599906113902
0.659525461450774
0.659049888653656
0.658582421562086
0.658113794745115
0.657648559139571
0.657179833646961
0.656713348600821
0.656244771151423
0.655776448213731
0.655308526844252
0.654844650498828
0.654387304465682
0.653929009549364
0.653469795336531
0.653012815734428
0.652547840370766
0.65208336897863
0.65162065709912
0.651168319382759
0.650708977755135
0.650255445235615
0.649804960757786
0.649350091639072
0.648900234487958
0.648441897513197
0.647977654936265
0.647530808086211
0.647081956502272
0.646638178954673
0.646191542033489
0.645744404240184
0.645295928005091
0.644843829308381
0.644386529187325
0.643932211193078
0.643483866968478
0.643040614850454
0.642601306745604
0.642156313739461
0.641715621831827
0.64127181535905
0.640829106847434
0.640385922946979
0.639939639282213
0.639495913253953
0.639045557028197
0.638602494194852
0.638163316077719
0.637720773958792
0.637278351683479
0.636842144144358
0.63640484988975
0.635968062085806
0.635532849654891
0.635102466894639
0.634676307023125
0.634239621447326
0.633808231524766
0.633379447552939
0.632947259209448
0.632515723327151
0.63208226950345
0.631648159530659
0.631205078675035
0.630764680766331
0.630326074450491
0.629891158423427
0.629453307556975
0.629021005157051
0.628593619658074
0.628163423228539
0.627730600247297
0.627304152605331
0.626870726058294
0.626449970662037
0.626022597562508
0.625594682809222
0.625164105346317
0.62473287488347
0.624311191892068
0.623886755158815
0.623455654334773
0.623024424430387
0.622589462778115
0.622160301847339
0.621737742779611
0.621315931526262
0.620897834122279
0.620480016235446
0.620059568426481
0.619638238817987
0.619215603006216
0.618789824754881
0.61836034817356
0.617936773943362
0.617514860030949
0.617102360573254
0.616687615479442
0.616266427311469
0.615852042395629
0.615431090834896
0.615009274738893
0.614598419780355
0.614187745916726
0.613778534823573
0.613368091104988
0.612955462186774
0.612540425988748
0.612123297452499
0.61171010077711
0.611297440972926
0.610885989978919
0.610464141737537
0.610046766617487
0.609633814048453
0.609232672294174
0.608824459146403
0.608419073584975
0.608021959713058
0.607620586236171
0.60721751251622
0.606816635012766
0.606414933912218
0.606019311837976
0.605613716035766
0.605205025620528
0.604795659346966
0.604388184086055
0.603990169192863
0.603584514298314
0.603180867197333
0.602777004273503
0.602377555532123
0.601978295642666
0.601578682739582
0.60117915581067
0.600780423241067
0.600379247287293
0.599981590468946
0.599578598942543
0.5991689370681
0.598761787001268
0.598357231335944
0.597960691984165
0.597561096093102
0.597166410978937
0.596764975494223
0.596359840279575
0.595961024583215
0.595563215712392
0.595165685553993
0.594767079461416
0.594371830576945
0.593976389468541
0.5935819028676
0.593188493901149
0.592797984955657
0.592411788282556
0.592022234045878
0.59163625281499
0.591254172998038
0.590880929278021
0.5904985069993
0.590122821894354
0.589738406417168
0.589352371101707
0.588972310625912
0.58859243978579
0.588211928758024
0.587836092474807
0.587463062464787
0.5870890240252
0.586718154043169
0.586340470189932
0.585973135224403
0.585597890042211
0.58522225236302
0.584849216083952
0.584474148389285
0.584096848437672
0.583722185194688
0.583344285448122
0.582960651650617
0.582582546504501
0.582210335308639
0.581834673436377
0.581451410802326
0.581074429754679
0.580701318765528
0.580322217496387
0.579941009753551
0.579560442934751
0.579180550959921
0.578807452574512
0.57843195977796
0.578058016546973
0.577684198158315
0.577311205202974
0.576945476630796
0.576582620316739
0.576211926352337
0.575835198915333
0.575461258180264
0.575093882431193
0.574730686504911
0.574362094961368
0.573987420260601
0.573627852285113
0.573267235037726
0.572902665066618
0.57252869624441
0.572153181701225
0.57178374915254
0.571403935894762
0.571032014612843
0.570657411855197
0.570280973603434
0.56990289271062
0.569524029211868
0.569150550839027
0.568772811606876
0.568396318978308
0.568018368379894
0.567641521682886
0.567262972821238
0.566889731242617
0.566514527264157
0.566153428355303
0.565793106812241
0.565428645614652
0.565067492575279
0.564707444486998
0.564345107118985
0.563984481073391
0.563618540016999
0.563256479642674
0.562886832583807
0.562519789632113
0.562157798873755
0.561794073785782
0.561425018150242
0.561056353610197
0.560689356633583
0.560318579410581
0.559946190725226
0.5595691573955
0.559202083286393
0.558838802316804
0.558476658404463
0.558108756656398
0.557743733117268
0.557373317400436
0.557011045339658
0.556652072024086
0.556296360984704
0.555940255194962
0.555592190205684
0.555237372935949
0.554885841016361
0.554530486039893
0.554171332053109
0.553811007951375
0.553454909617555
0.553100741233561
0.552742222096459
0.552384473775076
0.552026916643307
0.55167154099801
0.551317064244071
0.550967973722029
0.55061152208034
0.550257833006414
0.54990598641543
0.549553666011173
0.549204652479279
0.548847678159132
0.548498657669971
0.548152727637358
0.547809287505394
0.547465331759955
0.547113827689676
0.546768412410499
0.546420671356267
0.54607526168856
0.545719973108263
0.545371038931369
0.545020545513923
0.544673495752939
0.544337057210743
0.543994927238834
0.543650575352052
0.543305062924321
0.542959603629991
0.542610196512442
0.54226617461528
0.541921416313697
0.541575706478724
0.541238028435454
0.540899708796457
0.540560467875128
0.540222125176003
0.539884599312265
0.539538433353651
0.539202275100184
0.53886336669929
0.538528086137563
0.538198134161035
0.537875165756328
0.537540746555533
0.537212019788142
0.536881971085393
0.536542334400698
0.53619737537033
0.535865796617918
0.535525672128633
0.535186034089132
0.534848731397535
0.534509869454275
0.534172243334783
0.533838224528176
0.533505423751316
0.533173875888004
0.532845817916543
0.532518626248137
0.532199400508623
0.531883980275343
0.531570720519537
0.531255555911271
0.530946925169248
0.530627944557063
0.530307351975217
0.529983541275208
0.529667778068882
0.529347878179783
0.529023026934653
0.52870305531784
0.528385091387776
0.528063882607927
0.527736964342268
0.527414443208338
0.527089321206677
0.526757227344922
0.526429141890485
0.526112803313404
0.525805709920481
0.525486575435699
0.52517345109233
0.524858362865746
0.52454562008133
0.524230958839065
0.523920519429614
0.523606785059965
0.52330094944455
0.522992834354374
0.522688430049487
0.522383399831035
0.522082110808193
0.521780954374746
0.521478469165221
0.52116863978952
0.520861072381159
0.520559947099003
0.520263658170948
0.519962854175585
0.519667043436478
0.519372858768497
0.519074105359626
0.5187774905545
0.51848206485554
0.518183356989319
0.517876253210716
0.517575794382638
0.51727164527219
0.516966746312701
0.516665529131877
0.516365200350883
0.51606364745297
0.515764239070972
0.515460810275102
0.515162150655001
0.514855417075447
0.514556853180517
0.514257008577855
0.513950383339683
0.513649293745435
0.513347546198963
0.513040324007639
0.512741380720649
0.512439723241273
0.512146912909546
0.511846989483935
0.511549377147359
0.511256072703327
0.510969139072331
0.510682629394178
0.510399737503887
0.510108980099102
0.509822999417957
0.509536924613243
0.50925747365544
0.508978621661719
0.508700417331071
0.508418148663756
0.508137845865369
0.507850809527603
0.507569791571053
0.50728620779761
0.507005746811236
0.506721309331498
0.506438123441712
0.506156674409112
0.505875481821045
0.505592585938042
0.505310527015481
0.505037303017825
0.504763771960865
0.504479710943509
0.504202305761384
0.50392628069973
0.503653590546134
0.503380632550345
0.503101737442826
0.502824654747524
0.502552839863079
0.502278437624098
0.502005448879669
0.501729474550774
0.501450469805426
0.501172264707966
0.500888906279758
0.500600896768342
0.500323351594712
0.500041744981292
0.499760042403026
0.499484891961054
0.499205619721199
0.498926142567394
0.498638508969694
0.498357443258063
0.498068913524089
0.497788740918847
0.497511524445527
0.497231761691158
0.496945753187546
0.496659227906348
0.496380047234281
0.496105462763353
0.495835008142565
0.495556409392747
0.495278039234285
0.495004681205989
0.494729156179678
0.494459012873813
0.494180113074561
0.493901207472392
0.493622337631298
0.49334968617506
0.493080118378176
0.492801884949088
0.492518720787912
0.492240589666715
0.491966793522326
0.491681103525703
0.491401229722518
0.491119280789912
0.490834568259567
0.490551038544959
0.490265518354382
0.489980642676091
0.48969276070403
0.489405750019614
0.489118702003647
0.488831433754463
0.488539971984417
0.488252166785395
0.487968511664865
0.487686112955177
0.487399999118663
0.487111371850209
0.486814776593789
0.486522350359987
0.486234842674983
0.485948419999316
0.485667146273568
0.485383870467659
0.485100598204739
0.484816772114227
0.484533268487938
0.484240901059137
0.483952176277085
0.483656615359131
0.483362728087646
0.483071740630842
0.482783597673501
0.482500556099271
0.482214566110092
0.481926520903298
0.481637668763494
0.481360753370424
0.481076497213
0.480791007075144
0.480503834928131
0.480218674922461
0.479937678842011
0.47965799920478
0.479380296200981
0.479102865132575
0.478831561116825
0.478560119457713
0.47828411740197
0.478009335302452
0.477742082072085
0.477477016329778
0.477213695008193
0.476948387462357
0.476678515367441
0.476408765142834
0.476138469300897
0.475871543904509
0.475608081649046
0.475349980153426
0.475094463733744
0.47482485744561
0.474552432896416
0.474287154734665
0.474016372675531
0.47374643118977
0.473483074450266
0.473225402501932
0.472967501924407
0.472700824845905
0.472441670918564
0.472177369172775
0.471908925469083
0.471638903327857
0.471373080706042
0.471109454896007
0.470856121334843
0.470599174660257
0.470341526987124
0.470085901897013
0.469823775811843
0.469564007473155
0.469306198044247
0.469047600803283
0.468799517548846
0.468548021061605
0.468292029929309
0.468033706743037
0.467779038663663
0.46752238163476
0.467270743954273
0.467010525271177
0.466749640704287
0.466486236141672
0.466233374940132
0.465980708175736
0.465731703069173
0.4654762120604
0.465222204037327
0.464961846376361
0.464708519504377
0.464448801020277
0.464192031550648
0.46393190278674
0.463668690330848
0.463409073260695
0.463151657659107
0.462886979982745
0.462626675618358
0.462366672791374
0.462110149422721
0.461839262790998
0.461579891988306
0.461320132281607
0.461062200507181
0.460807156584092
0.460548591293971
0.460286629988358
0.460028294197717
0.459771696796464
0.459520805729337
0.459264515846838
0.45900628414201
0.458743331905572
0.45847830974815
0.458213546491557
0.45795350856087
0.457695375295863
0.457435781734201
0.457177524564352
0.456923825391829
