1 0.920563876630972
2 0.919200674540182
3 0.917839491125105
4 0.916480323396418
5 0.915123168369225
6 0.913768023063048
7 0.912414884501827
8 0.911063749713904
9 0.909714615732025
10 0.908367479593328
11 0.907022338339339
12 0.905679189015967
13 0.904338028673493
14 0.902998854366566
15 0.901661663154198
16 0.900326452099757
17 0.898993218270956
18 0.897661958739854
19 0.896332670582843
20 0.895005350880647
21 0.893679996718311
22 0.892356605185197
23 0.891035173374978
24 0.889715698385629
25 0.888398177319424
26 0.887082607282928
27 0.88576898538699
28 0.884457308746738
29 0.883147574481571
30 0.881839779715155
31 0.880533921575414
32 0.879229997194526
33 0.877928003708916
34 0.876627938259249
35 0.875329797990424
36 0.874033580051568
37 0.87273928159603
38 0.871446899781375
39 0.870156431769375
40 0.868867874726007
41 0.867581225821445
42 0.866296482230051
43 0.865013641130373
44 0.863732699705139
45 0.862453655141245
46 0.861176504629755
47 0.859901245365892
48 0.858627874549034
49 0.857356389382703
50 0.856086787074565
51 0.85481906483642
52 0.853553219884196
53 0.852289249437946
54 0.851027150721837
55 0.849766920964149
56 0.848508557397264
57 0.847252057257664
58 0.845997417785923
59 0.844744636226701
60 0.843493709828738
61 0.84224463584485
62 0.840997411531918
63 0.839752034150888
64 0.83850850096676
65 0.837266809248586
66 0.836026956269459
67 0.834788939306514
68 0.833552755640915
69 0.832318402557854
70 0.831085877346543
71 0.829855177300207
72 0.82862629971608
73 0.827399241895398
74 0.826174001143395
75 0.824950574769293
76 0.823728960086302
77 0.822509154411606
78 0.821291155066366
79 0.820074959375708
80 0.818860564668719
81 0.817647968278442
82 0.816437167541868
83 0.815228159799933
84 0.814020942397511
85 0.812815512683405
86 0.811611868010346
87 0.810410005734986
88 0.80920992321789
89 0.808011617823531
90 0.806815086920285
91 0.805620327880428
92 0.804427338080123
93 0.803236114899421
94 0.802046655722252
95 0.800858957936419
96 0.799673018933595
97 0.798488836109315
98 0.79730640686297
99 0.796125728597803
100 0.794946798720902
101 0.793769614643193
102 0.79259417377944
103 0.791420473548231
104 0.790248511371979
105 0.789078284676913
106 0.787909790893076
107 0.786743027454312
108 0.785577991798268
109 0.784414681366387
110 0.783253093603896
111 0.78209322595981
112 0.780935075886918
113 0.779778640841784
114 0.778623918284736
115 0.777470905679864
116 0.776319600495013
117 0.775170000201779
118 0.774022102275498
119 0.77287590419525
120 0.771731403443845
121 0.770588597507821
122 0.769447483877438
123 0.768308060046673
124 0.767170323513212
125 0.766034271778451
126 0.76489990234748
127 0.76376721272909
128 0.762636200435755
129 0.761506862983637
130 0.760379197892573
131 0.759253202686076
132 0.758128874891324
133 0.757006212039157
134 0.755885211664072
135 0.754765871304216
136 0.753648188501384
137 0.752532160801008
138 0.751417785752157
139 0.750305060907529
140 0.749193983823446
141 0.748084552059847
142 0.746976763180288
143 0.745870614751929
144 0.744766104345535
145 0.743663229535468
146 0.742561987899682
147 0.741462377019717
148 0.740364394480694
149 0.739268037871312
150 0.738173304783839
151 0.737080192814108
152 0.735988699561514
153 0.734898822629006
154 0.733810559623082
155 0.732723908153785
156 0.731638865834698
157 0.730555430282937
158 0.729473599119145
159 0.728393369967492
160 0.727314740455663
161 0.726237708214859
162 0.725162270879785
163 0.724088426088651
164 0.723016171483166
165 0.721945504708527
166 0.720876423413422
167 0.719808925250019
168 0.718743007873963
169 0.717678668944371
170 0.716615906123825
171 0.715554717078371
172 0.714495099477509
173 0.71343705099419
174 0.712380569304813
175 0.711325652089216
176 0.710272297030673
177 0.70922050181589
178 0.708170264134997
179 0.707121581681545
180 0.706074452152501
181 0.705028873248242
182 0.703984842672551
183 0.70294235813261
184 0.701901417338997
185 0.700862018005681
186 0.699824157850015
187 0.698787834592732
188 0.697753045957942
189 0.696719789673124
190 0.695688063469123
191 0.694657865080142
192 0.693629192243742
193 0.692602042700833
194 0.691576414195671
195 0.690552304475851
196 0.689529711292304
197 0.688508632399294
198 0.687489065554406
199 0.68647100851855
200 0.685454459055949
201 0.684439414934137
202 0.683425873923955
203 0.682413833799544
204 0.681403292338343
205 0.680394247321079
206 0.679386696531769
207 0.678380637757709
208 0.677376068789473
209 0.676372987420905
210 0.675371391449118
211 0.674371278674485
212 0.67337264690064
213 0.672375493934465
214 0.671379817586092
215 0.670385615668896
216 0.669392885999489
217 0.668401626397717
218 0.667411834686655
219 0.666423508692599
220 0.665436646245067
221 0.664451245176789
222 0.663467303323707
223 0.662484818524963
224 0.661503788622905
225 0.66052421146307
226 0.65954608489419
227 0.65856940676818
228 0.657594174940137
229 0.656620387268334
230 0.655648041614217
231 0.654677135842395
232 0.653707667820644
233 0.652739635419894
234 0.651773036514229
235 0.650807868980881
236 0.649844130700226
237 0.648881819555778
238 0.647920933434185
239 0.646961470225226
240 0.646003427821803
241 0.645046804119939
242 0.644091597018774
243 0.643137804420557
244 0.642185424230644
245 0.641234454357494
246 0.640284892712662
247 0.639336737210795
248 0.63838998576963
249 0.637444636309986
250 0.636500686755761
251 0.635558135033929
252 0.634616979074532
253 0.633677216810677
254 0.632738846178534
255 0.631801865117326
256 0.630866271569331
257 0.629932063479872
258 0.628999238797315
259 0.628067795473065
260 0.627137731461558
261 0.626209044720264
262 0.625281733209673
263 0.624355794893296
264 0.623431227737663
265 0.622508029712311
266 0.621586198789786
267 0.620665732945636
268 0.619746630158408
269 0.618828888409639
270 0.61791250568386
271 0.616997479968581
272 0.616083809254297
273 0.615171491534476
274 0.614260524805558
275 0.61335090706695
276 0.612442636321022
277 0.611535710573102
278 0.61063012783147
279 0.609725886107359
280 0.608822983414943
281 0.60792141777134
282 0.607021187196603
283 0.606122289713716
284 0.605224723348591
285 0.604328486130066
286 0.603433576089893
287 0.602539991262744
288 0.601647729686198
289 0.600756789400741
290 0.599867168449759
291 0.598978864879539
292 0.598091876739257
293 0.597206202080982
294 0.596321838959664
295 0.595438785433136
296 0.594557039562104
297 0.593676599410149
298 0.592797463043718
299 0.59191962853212
300 0.591043093947526
301 0.59016785736496
302 0.589293916862296
303 0.588421270520255
304 0.587549916422401
305 0.586679852655135
306 0.585811077307691
307 0.584943588472135
308 0.584077384243355
309 0.583212462719063
310 0.582348821999786
311 0.581486460188866
312 0.580625375392451
313 0.579765565719495
314 0.578907029281752
315 0.578049764193774
316 0.577193768572901
317 0.576339040539264
318 0.575485578215777
319 0.574633379728134
320 0.573782443204805
321 0.572932766777028
322 0.572084348578814
323 0.571237186746932
324 0.570391279420913
325 0.569546624743042
326 0.568703220858355
327 0.567861065914637
328 0.567020158062412
329 0.566180495454946
330 0.565342076248238
331 0.564504898601018
332 0.563668960674744
333 0.562834260633593
334 0.562000796644465
335 0.561168566876971
336 0.560337569503435
337 0.559507802698886
338 0.558679264641056
339 0.557851953510374
340 0.557025867489967
341 0.556201004765649
342 0.555377363525921
343 0.55455494196197
344 0.553733738267656
345 0.552913750639519
346 0.552094977276765
347 0.551277416381271
348 0.550461066157572
349 0.549645924812866
350 0.548831990557004
351 0.548019261602487
352 0.547207736164465
353 0.546397412460731
354 0.545588288711714
355 0.544780363140482
356 0.543973633972733
357 0.543168099436791
358 0.542363757763606
359 0.541560607186746
360 0.540758645942396
361 0.539957872269352
362 0.539158284409018
363 0.538359880605402
364 0.537562659105114
365 0.536766618157358
366 0.535971756013933
367 0.535178070929225
368 0.534385561160206
369 0.533594224966429
370 0.532804060610024
371 0.532015066355694
372 0.531227240470713
373 0.530440581224921
374 0.529655086890717
375 0.528870755743063
376 0.528087586059471
377 0.527305576120008
378 0.526524724207283
379 0.525745028606453
380 0.524966487605212
381 0.524189099493789
382 0.523412862564946
383 0.522637775113974
384 0.521863835438686
385 0.521091041839418
386 0.520319392619021
387 0.519548886082861
388 0.518779520538812
389 0.518011294297254
390 0.517244205671071
391 0.516478252975642
392 0.515713434528843
393 0.51494974865104
394 0.514187193665087
395 0.513425767896321
396 0.512665469672559
397 0.511906297324094
398 0.511148249183693
399 0.510391323586589
400 0.509635518870483
401 0.508880833375536
402 0.508127265444368
403 0.507374813422053
404 0.506623475656114
405 0.505873250496525
406 0.505124136295699
407 0.504376131408491
408 0.503629234192192
409 0.502883443006526
410 0.502138756213645
411 0.501395172178127
412 0.500652689266971
413 0.499911305849597
414 0.499171020297834
415 0.498431830985929
416 0.497693736290531
417 0.496956734590695
418 0.496220824267876
419 0.495486003705927
420 0.494752271291094
421 0.494019625412009
422 0.493288064459696
423 0.492557586827558
424 0.491828190911377
425 0.491099875109313
426 0.490372637821895
427 0.489646477452023
428 0.488921392404961
429 0.488197381088334
430 0.487474441912126
431 0.486752573288676
432 0.486031773632673
433 0.485312041361153
434 0.484593374893498
435 0.483875772651429
436 0.483159233059005
437 0.482443754542619
438 0.481729335530993
439 0.481015974455177
440 0.480303669748543
441 0.479592419846786
442 0.478882223187913
443 0.478173078212247
444 0.477464983362421
445 0.476757937083371
446 0.476051937822341
447 0.475346984028869
448 0.474643074154792
449 0.473940206654239
450 0.473238379983628
451 0.472537592601663
452 0.471837842969329
453 0.471139129549894
454 0.470441450808896
455 0.46974480521415
456 0.469049191235738
457 0.468354607346007
458 0.467661052019567
459 0.466968523733288
460 0.466277020966292
461 0.465586542199957
462 0.464897085917908
463 0.464208650606015
464 0.463521234752391
465 0.462834836847389
466 0.462149455383595
467 0.461465088855829
468 0.46078173576114
469 0.460099394598801
470 0.459418063870309
471 0.458737742079379
472 0.458058427731943
473 0.457380119336143
474 0.456702815402334
475 0.456026514443073
476 0.455351214973122
477 0.454676915509442
478 0.45400361457119
479 0.453331310679716
480 0.452660002358558
481 0.451989688133444
482 0.451320366532281
483 0.450652036085159
484 0.449984695324343
485 0.449318342784273
486 0.448652977001558
487 0.447988596514974
488 0.447325199865461
489 0.44666278559612
490 0.44600135225221
491 0.445340898381143
492 0.444681422532482
493 0.444022923257939
494 0.44336539911137
495 0.442708848648772
496 0.442053270428282
497 0.44139866301017
498 0.440745024956839
499 0.440092354832822
500 0.439440651204775
501 0.43878991264148
502 0.438140137713834
503 0.437491324994856
504 0.436843473059672
505 0.436196580485522
506 0.435550645851752
507 0.434905667739811
508 0.43426164473325
509 0.433618575417716
510 0.432976458380951
511 0.432335292212789
512 0.431695075505151
513 0.431055806852045
514 0.430417484849558
515 0.429780108095859
516 0.429143675191191
517 0.428508184737871
518 0.427873635340285
519 0.427240025604886
520 0.426607354140191
521 0.425975619556775
522 0.425344820467275
523 0.424714955486379
524 0.424086023230827
525 0.423458022319409
526 0.422830951372957
527 0.42220480901435
528 0.421579593868502
529 0.420955304562366
530 0.420331939724926
531 0.419709497987199
532 0.419087977982227
533 0.418467378345077
534 0.417847697712837
535 0.417228934724615
536 0.41661108802153
537 0.415994156246719
538 0.415378138045323
539 0.414763032064493
540 0.414148836953381
541 0.413535551363141
542 0.412923173946923
543 0.412311703359874
544 0.411701138259128
545 0.411091477303813
546 0.410482719155038
547 0.409874862475898
548 0.409267905931465
549 0.40866184818879
550 0.408056687916897
551 0.40745242378678
552 0.406849054471403
553 0.406246578645693
554 0.405644994986542
555 0.405044302172798
556 0.404444498885268
557 0.403845583806711
558 0.403247555621837
559 0.402650413017305
560 0.402054154681717
561 0.401458779305617
562 0.400864285581489
563 0.400270672203754
564 0.399677937868764
565 0.399086081274804
566 0.398495101122085
567 0.397904996112743
568 0.397315764950836
569 0.396727406342341
570 0.396139918995152
571 0.395553301619076
572 0.39496755292583
573 0.394382671629039
574 0.393798656444233
575 0.393215506088845
576 0.392633219282205
577 0.392051794745541
578 0.391471231201976
579 0.390891527376521
580 0.390312681996076
581 0.389734693789428
582 0.389157561487244
583 0.388581283822072
584 0.388005859528337
585 0.387431287342338
586 0.386857566002244
587 0.386284694248094
588 0.385712670821793
589 0.385141494467108
590 0.384571163929667
591 0.384001677956956
592 0.383433035298313
593 0.382865234704931
594 0.382298274929852
595 0.381732154727963
596 0.381166872855996
597 0.380602428072524
598 0.380038819137957
599 0.379476044814543
600 0.378914103866361
601 0.378352995059321
602 0.37779271716116
603 0.37723326894144
604 0.376674649171546
605 0.37611685662468
606 0.375559890075864
607 0.375003748301931
608 0.374448430081526
609 0.373893934195104
610 0.373340259424925
611 0.372787404555053
612 0.37223536837135
613 0.371684149661479
614 0.371133747214898
615 0.370584159822855
616 0.370035386278391
617 0.369487425376333
618 0.368940275913292
619 0.368393936687661
620 0.367848406499615
621 0.367303684151102
622 0.366759768445848
623 0.366216658189346
624 0.365674352188862
625 0.365132849253425
626 0.364592148193831
627 0.364052247822634
628 0.363513146954148
629 0.362974844404442
630 0.362437338991339
631 0.361900629534411
632 0.361364714854981
633 0.360829593776115
634 0.360295265122622
635 0.359761727721051
636 0.359228980399692
637 0.358697021988565
638 0.358165851319426
639 0.35763546722576
640 0.35710586854278
641 0.356577054107422
642 0.356049022758347
643 0.355521773335934
644 0.354995304682279
645 0.354469615641194
646 0.353944705058202
647 0.353420571780536
648 0.352897214657136
649 0.352374632538647
650 0.351852824277414
651 0.351331788727485
652 0.350811524744602
653 0.350292031186202
654 0.349773306911415
655 0.34925535078106
656 0.348738161657643
657 0.348221738405353
658 0.347706079890064
659 0.347191184979325
660 0.346677052542367
661 0.346163681450092
662 0.345651070575076
663 0.345139218791562
664 0.344628124975463
665 0.344117788004354
666 0.343608206757475
667 0.343099380115723
668 0.342591306961653
669 0.342083986179475
670 0.341577416655052
671 0.341071597275896
672 0.340566526931167
673 0.340062204511668
674 0.339558628909847
675 0.339055799019791
676 0.338553713737225
677 0.338052371959509
678 0.337551772585635
679 0.337051914516228
680 0.336552796653538
681 0.336054417901443
682 0.335556777165442
683 0.335059873352656
684 0.334563705371825
685 0.334068272133303
686 0.333573572549059
687 0.333079605532674
688 0.332586369999336
689 0.33209386486584
690 0.331602089050586
691 0.331111041473574
692 0.330620721056405
693 0.330131126722276
694 0.329642257395978
695 0.329154112003895
696 0.328666689474002
697 0.328179988735859
698 0.327694008720612
699 0.327208748360992
700 0.326724206591307
701 0.326240382347446
702 0.325757274566871
703 0.32527488218862
704 0.324793204153301
705 0.324312239403091
706 0.323831986881733
707 0.323352445534535
708 0.322873614308365
709 0.322395492151652
710 0.321918078014384
711 0.321441370848099
712 0.320965369605893
713 0.320490073242408
714 0.320015480713837
715 0.319541590977917
716 0.319068402993928
717 0.318595915722694
718 0.318124128126574
719 0.317653039169466
720 0.317182647816802
721 0.316712953035546
722 0.316243953794192
723 0.315775649062759
724 0.315308037812795
725 0.314841119017369
726 0.31437489165107
727 0.313909354690008
728 0.313444507111806
729 0.312980347895603
730 0.31251687602205
731 0.312054090473306
732 0.311591990233038
733 0.311130574286419
734 0.310669841620123
735 0.310209791222325
736 0.3097504220827
737 0.309291733192417
738 0.30883372354414
739 0.308376392132025
740 0.307919737951716
741 0.307463760000346
742 0.307008457276532
743 0.306553828780375
744 0.306099873513454
745 0.305646590478831
746 0.305193978681039
747 0.30474203712609
748 0.304290764821465
749 0.303840160776115
750 0.30339022400046
751 0.302940953506383
752 0.302492348307234
753 0.30204440741782
754 0.301597129854409
755 0.301150514634726
756 0.300704560777949
757 0.300259267304711
758 0.299814633237093
759 0.299370657598624
760 0.298927339414281
761 0.298484677710483
762 0.298042671515093
763 0.29760131985741
764 0.297160621768173
765 0.296720576279556
766 0.296281182425166
767 0.295842439240042
768 0.295404345760649
769 0.294966901024882
770 0.294530104072059
771 0.294093953942922
772 0.293658449679631
773 0.293223590325768
774 0.292789374926328
775 0.292355802527723
776 0.291922872177773
777 0.291490582925713
778 0.291058933822183
779 0.290627923919229
780 0.290197552270302
781 0.289767817930252
782 0.289338719955333
783 0.288910257403192
784 0.288482429332875
785 0.288055234804819
786 0.287628672880853
787 0.287202742624196
788 0.286777443099454
789 0.286352773372617
790 0.28592873251106
791 0.285505319583537
792 0.285082533660183
793 0.284660373812508
794 0.284238839113399
795 0.283817928637114
796 0.283397641459283
797 0.282977976656906
798 0.282558933308346
799 0.282140510493335
800 0.281722707292965
801 0.281305522789691
802 0.280888956067323
803 0.280473006211033
804 0.280057672307343
805 0.27964295344413
806 0.279228848710621
807 0.278815357197393
808 0.278402477996368
809 0.277990210200813
810 0.277578552905339
811 0.277167505205897
812 0.276757066199775
813 0.276347234985601
814 0.275938010663335
815 0.275529392334272
816 0.275121379101036
817 0.274713970067581
818 0.274307164339188
819 0.273900961022462
820 0.273495359225331
821 0.273090358057045
822 0.272685956628172
823 0.272282154050599
824 0.271878949437525
825 0.271476341903465
826 0.271074330564244
827 0.270672914536996
828 0.270272092940164
829 0.269871864893495
830 0.269472229518039
831 0.269073185936149
832 0.268674733271478
833 0.268276870648975
834 0.267879597194885
835 0.267482912036748
836 0.267086814303397
837 0.266691303124951
838 0.266296377632821
839 0.265902036959702
840 0.265508280239576
841 0.265115106607705
842 0.264722515200631
843 0.264330505156177
844 0.263939075613441
845 0.263548225712798
846 0.263157954595892
847 0.262768261405642
848 0.262379145286234
849 0.261990605383123
850 0.261602640843027
851 0.26121525081393
852 0.260828434445077
853 0.260442190886972
854 0.260056519291377
855 0.259671418811311
856 0.259286888601048
857 0.258902927816111
858 0.258519535613277
859 0.258136711150571
860 0.257754453587263
861 0.25737276208387
862 0.256991635802151
863 0.256611073905106
864 0.256231075556977
865 0.25585163992324
866 0.255472766170609
867 0.255094453467032
868 0.254716700981688
869 0.254339507884987
870 0.253962873348567
871 0.253586796545295
872 0.253211276649258
873 0.252836312835771
874 0.252461904281368
875 0.252088050163801
876 0.251714749662043
877 0.251342001956281
878 0.250969806227914
879 0.250598161659558
880 0.250227067435035
881 0.249856522739377
882 0.249486526758823
883 0.249117078680819
884 0.248748177694011
885 0.248379822988247
886 0.248012013754577
887 0.247644749185248
888 0.247278028473701
889 0.246911850814573
890 0.246546215403695
891 0.246181121438087
892 0.245816568115959
893 0.245452554636706
894 0.245089080200912
895 0.244726144010343
896 0.244363745267948
897 0.244001883177854
898 0.243640556945369
899 0.243279765776976
900 0.242919508880336
901 0.24255978546428
902 0.242200594738812
903 0.241841935915106
904 0.241483808205504
905 0.241126210823514
906 0.240769142983809
907 0.240412603902225
908 0.24005659279576
909 0.239701108882568
910 0.239346151381966
911 0.238991719514424
912 0.238637812501565
913 0.238284429566169
914 0.237931569932163
915 0.237579232824624
916 0.237227417469779
917 0.236876123094997
918 0.236525348928794
919 0.236175094200828
920 0.235825358141897
921 0.235476139983939
922 0.235127438960027
923 0.234779254304373
924 0.23443158525232
925 0.234084431040347
926 0.233737790906059
927 0.233391664088194
928 0.233046049826615
929 0.232700947362311
930 0.232356355937397
931 0.232012274795106
932 0.231668703179797
933 0.231325640336943
934 0.230983085513138
935 0.230641037956089
936 0.23029949691462
937 0.229958461638664
938 0.229617931379267
939 0.229277905388583
940 0.228938382919874
941 0.228599363227508
942 0.228260845566957
943 0.227922829194795
944 0.227585313368697
945 0.227248297347437
946 0.226911780390888
947 0.226575761760018
948 0.22624024071689
949 0.225905216524658
950 0.225570688447569
951 0.225236655750959
952 0.224903117701252
953 0.224570073565958
954 0.224237522613671
955 0.223905464114071
956 0.223573897337915
957 0.223242821557044
958 0.222912236044375
959 0.222582140073903
960 0.222252532920696
961 0.221923413860898
962 0.221594782171723
963 0.221266637131457
964 0.220938978019453
965 0.220611804116132
966 0.220285114702982
967 0.219958909062552
968 0.219633186478455
969 0.219307946235366
970 0.218983187619018
971 0.218658909916201
972 0.218335112414762
973 0.218011794403604
974 0.217688955172679
975 0.217366594012996
976 0.217044710216609
977 0.216723303076623
978 0.216402371887189
979 0.216081915943504
980 0.215761934541807
981 0.21544242697938
982 0.215123392554547
983 0.214804830566669
984 0.214486740316145
985 0.214169121104412
986 0.213851972233938
987 0.213535293008227
988 0.213219082731813
989 0.21290334071026
990 0.21258806625016
991 0.212273258659132
992 0.211958917245821
993 0.211645041319896
994 0.211331630192046
995 0.211018683173983
996 0.210706199578438
997 0.210394178719159
998 0.21008261991091
999 0.209771522469471
