1 0.945586011293618
2 0.945182621822704
3 0.944779404438794
4 0.944376359068478
5 0.943973485638373
6 0.94357078407513
7 0.943168254305428
8 0.942765896255982
9 0.942363709853534
10 0.94196169502486
11 0.941559851696765
12 0.941158179796088
13 0.940756679249696
14 0.940355349984489
15 0.939954191927399
16 0.939553205005388
17 0.939152389145448
18 0.938751744274605
19 0.938351270319914
20 0.937950967208462
21 0.937550834867366
22 0.937150873223776
23 0.936751082204872
24 0.936351461737864
25 0.935952011749994
26 0.935552732168537
27 0.935153622920795
28 0.934754683934105
29 0.934355915135832
30 0.933957316453374
31 0.933558887814158
32 0.933160629145644
33 0.932762540375322
34 0.932364621430713
35 0.931966872239369
36 0.931569292728872
37 0.931171882826837
38 0.930774642460907
39 0.930377571558759
40 0.929980670048098
41 0.929583937856662
42 0.929187374912219
43 0.928790981142567
44 0.928394756475537
45 0.927998700838988
46 0.927602814160812
47 0.92720709636893
48 0.926811547391296
49 0.926416167155892
50 0.926020955590733
51 0.925625912623863
52 0.925231038183359
53 0.924836332197326
54 0.924441794593901
55 0.924047425301252
56 0.923653224247577
57 0.923259191361105
58 0.922865326570094
59 0.922471629802836
60 0.922078100987651
61 0.92168474005289
62 0.921291546926935
63 0.920898521538198
64 0.920505663815122
65 0.92011297368618
66 0.919720451079876
67 0.919328095924746
68 0.918935908149353
69 0.918543887682292
70 0.918152034452191
71 0.917760348387704
72 0.91736882941752
73 0.916977477470354
74 0.916586292474955
75 0.9161952743601
76 0.915804423054598
77 0.915413738487287
78 0.915023220587037
79 0.914632869282746
80 0.914242684503346
81 0.913852666177794
82 0.913462814235083
83 0.913073128604232
84 0.912683609214293
85 0.912294255994347
86 0.911905068873504
87 0.911516047780908
88 0.911127192645729
89 0.91073850339717
90 0.910349979964464
91 0.909961622276872
92 0.909573430263688
93 0.909185403854234
94 0.908797542977863
95 0.908409847563959
96 0.908022317541935
97 0.907634952841233
98 0.907247753391329
99 0.906860719121725
100 0.906473849961954
101 0.906087145841581
102 0.9057006066902
103 0.905314232437433
104 0.904928023012936
105 0.904541978346391
106 0.904156098367513
107 0.903770383006046
108 0.903384832191762
109 0.902999445854467
110 0.902614223923993
111 0.902229166330205
112 0.901844273002995
113 0.901459543872287
114 0.901074978868035
115 0.900690577920222
116 0.900306340958861
117 0.899922267913995
118 0.899538358715696
119 0.899154613294068
120 0.898771031579242
121 0.898387613501381
122 0.898004358990677
123 0.897621267977352
124 0.897238340391658
125 0.896855576163875
126 0.896472975224315
127 0.896090537503319
128 0.895708262931257
129 0.895326151438529
130 0.894944202955566
131 0.894562417412826
132 0.8941807947408
133 0.893799334870007
134 0.893418037730993
135 0.893036903254339
136 0.892655931370652
137 0.892275122010568
138 0.891894475104756
139 0.891513990583912
140 0.891133668378761
141 0.89075350842006
142 0.890373510638594
143 0.889993674965177
144 0.889614001330655
145 0.8892344896659
146 0.888855139901815
147 0.888475951969335
148 0.888096925799421
149 0.887718061323064
150 0.887339358471285
151 0.886960817175136
152 0.886582437365696
153 0.886204218974075
154 0.885826161931411
155 0.885448266168872
156 0.885070531617655
157 0.884692958208989
158 0.884315545874128
159 0.883938294544359
160 0.883561204150996
161 0.883184274625383
162 0.882807505898893
163 0.88243089790293
164 0.882054450568925
165 0.881678163828339
166 0.881302037612664
167 0.880926071853417
168 0.88055026648215
169 0.880174621430438
170 0.87979913662989
171 0.879423812012142
172 0.87904864750886
173 0.878673643051739
174 0.878298798572502
175 0.877924114002902
176 0.877549589274721
177 0.877175224319772
178 0.876801019069893
179 0.876426973456955
180 0.876053087412856
181 0.875679360869523
182 0.875305793758913
183 0.874932386013011
184 0.874559137563833
185 0.874186048343422
186 0.87381311828385
187 0.873440347317218
188 0.873067735375659
189 0.87269528239133
190 0.87232298829642
191 0.871950853023148
192 0.871578876503758
193 0.871207058670526
194 0.870835399455757
195 0.870463898791783
196 0.870092556610966
197 0.869721372845696
198 0.869350347428394
199 0.868979480291507
200 0.868608771367513
201 0.868238220588917
202 0.867867827888255
203 0.86749759319809
204 0.867127516451014
205 0.866757597579649
206 0.866387836516643
207 0.866018233194677
208 0.865648787546456
209 0.865279499504717
210 0.864910369002225
211 0.864541395971772
212 0.864172580346181
213 0.863803922058303
214 0.863435421041017
215 0.863067077227231
216 0.862698890549881
217 0.862330860941933
218 0.861962988336381
219 0.861595272666246
220 0.861227713864579
221 0.860860311864461
222 0.860493066598999
223 0.860125978001331
224 0.859759046004619
225 0.85939227054206
226 0.859025651546874
227 0.858659188952313
228 0.858292882691655
229 0.857926732698208
230 0.857560738905307
231 0.857194901246319
232 0.856829219654634
233 0.856463694063675
234 0.856098324406891
235 0.85573311061776
236 0.855368052629789
237 0.855003150376513
238 0.854638403791494
239 0.854273812808325
240 0.853909377360624
241 0.853545097382041
242 0.853180972806251
243 0.85281700356696
244 0.852453189597901
245 0.852089530832834
246 0.85172602720555
247 0.851362678649865
248 0.850999485099627
249 0.85063644648871
250 0.850273562751015
251 0.849910833820474
252 0.849548259631046
253 0.849185840116717
254 0.848823575211503
255 0.848461464849448
256 0.848099508964621
257 0.847737707491124
258 0.847376060363084
259 0.847014567514656
260 0.846653228880026
261 0.846292044393404
262 0.84593101398903
263 0.845570137601174
264 0.84520941516413
265 0.844848846612223
266 0.844488431879806
267 0.844128170901258
268 0.843768063610989
269 0.843408109943433
270 0.843048309833055
271 0.842688663214347
272 0.842329170021829
273 0.84196983019005
274 0.841610643653585
275 0.841251610347038
276 0.84089273020504
277 0.840534003162251
278 0.84017542915336
279 0.83981700811308
280 0.839458739976156
281 0.839100624677358
282 0.838742662151485
283 0.838384852333363
284 0.838027195157849
285 0.837669690559822
286 0.837312338474194
287 0.836955138835903
288 0.836598091579913
289 0.836241196641219
290 0.835884453954841
291 0.835527863455829
292 0.835171425079257
293 0.834815138760232
294 0.834459004433884
295 0.834103022035373
296 0.833747191499887
297 0.833391512762639
298 0.833035985758873
299 0.832680610423859
300 0.832325386692894
301 0.831970314501304
302 0.831615393784442
303 0.831260624477687
304 0.830906006516449
305 0.830551539836163
306 0.830197224372291
307 0.829843060060325
308 0.829489046835783
309 0.829135184634211
310 0.828781473391181
311 0.828427913042294
312 0.828074503523179
313 0.827721244769491
314 0.827368136716914
315 0.827015179301157
316 0.826662372457959
317 0.826309716123085
318 0.825957210232328
319 0.825604854721507
320 0.825252649526472
321 0.824900594583095
322 0.824548689827281
323 0.824196935194957
324 0.823845330622082
325 0.823493876044639
326 0.82314257139864
327 0.822791416620123
328 0.822440411645156
329 0.822089556409831
330 0.821738850850269
331 0.821388294902618
332 0.821037888503053
333 0.820687631587777
334 0.820337524093019
335 0.819987565955035
336 0.819637757110111
337 0.819288097494557
338 0.818938587044711
339 0.818589225696939
340 0.818240013387634
341 0.817890950053216
342 0.81754203563013
343 0.817193270054853
344 0.816844653263884
345 0.816496185193751
346 0.816147865781011
347 0.815799694962245
348 0.815451672674063
349 0.815103798853102
350 0.814756073436024
351 0.814408496359521
352 0.814061067560309
353 0.813713786975134
354 0.813366654540767
355 0.813019670194006
356 0.812672833871677
357 0.812326145510632
358 0.811979605047751
359 0.811633212419939
360 0.811286967564131
361 0.810940870417285
362 0.81059492091639
363 0.810249118998458
364 0.809903464600531
365 0.809557957659676
366 0.809212598112988
367 0.808867385897588
368 0.808522320950623
369 0.80817740320927
370 0.807832632610728
371 0.807488009092228
372 0.807143532591025
373 0.806799203044399
374 0.806455020389661
375 0.806110984564145
376 0.805767095505214
377 0.805423353150257
378 0.80507975743669
379 0.804736308301955
380 0.804393005683521
381 0.804049849518883
382 0.803706839745565
383 0.803363976301116
384 0.80302125912311
385 0.802678688149151
386 0.802336263316867
387 0.801993984563915
388 0.801651851827975
389 0.801309865046758
390 0.800968024157997
391 0.800626329099456
392 0.800284779808922
393 0.799943376224211
394 0.799602118283165
395 0.79926100592365
396 0.798920039083562
397 0.798579217700821
398 0.798238541713376
399 0.7978980110592
400 0.797557625676294
401 0.797217385502684
402 0.796877290476424
403 0.796537340535593
404 0.796197535618299
405 0.795857875662673
406 0.795518360606874
407 0.795178990389088
408 0.794839764947526
409 0.794500684220427
410 0.794161748146055
411 0.793822956662701
412 0.793484309708681
413 0.79314580722234
414 0.792807449142046
415 0.792469235406197
416 0.792131165953213
417 0.791793240721545
418 0.791455459649666
419 0.791117822676078
420 0.790780329739307
421 0.790442980777908
422 0.79010577573046
423 0.78976871453557
424 0.789431797131868
425 0.789095023458014
426 0.788758393452692
427 0.788421907054613
428 0.788085564202513
429 0.787749364835155
430 0.787413308891329
431 0.787077396309849
432 0.786741627029557
433 0.78640600098932
434 0.786070518128031
435 0.78573517838461
436 0.785399981698003
437 0.785064928007181
438 0.784730017251142
439 0.784395249368909
440 0.784060624299532
441 0.783726141982087
442 0.783391802355675
443 0.783057605359424
444 0.782723550932488
445 0.782389639014046
446 0.782055869543303
447 0.781722242459492
448 0.781388757701868
449 0.781055415209717
450 0.780722214922347
451 0.780389156779092
452 0.780056240719315
453 0.779723466682401
454 0.779390834607763
455 0.77905834443484
456 0.778725996103097
457 0.778393789552023
458 0.778061724721135
459 0.777729801549974
460 0.777398019978107
461 0.777066379945129
462 0.776734881390658
463 0.77640352425434
464 0.776072308475844
465 0.775741233994867
466 0.775410300751132
467 0.775079508684386
468 0.774748857734403
469 0.774418347840982
470 0.774087978943948
471 0.77375775098315
472 0.773427663898467
473 0.773097717629799
474 0.772767912117075
475 0.772438247300246
476 0.772108723119292
477 0.771779339514218
478 0.771450096425053
479 0.771120993791853
480 0.770792031554698
481 0.770463209653697
482 0.77013452802898
483 0.769805986620706
484 0.769477585369058
485 0.769149324214244
486 0.7688212030965
487 0.768493221956084
488 0.768165380733282
489 0.767837679368406
490 0.767510117801791
491 0.767182695973798
492 0.766855413824816
493 0.766528271295256
494 0.766201268325557
495 0.765874404856182
496 0.76554768082762
497 0.765221096180384
498 0.764894650855016
499 0.764568344792078
500 0.764242177932162
501 0.763916150215884
502 0.763590261583884
503 0.763264511976829
504 0.76293890133541
505 0.762613429600343
506 0.762288096712373
507 0.761962902612265
508 0.761637847240812
509 0.761312930538833
510 0.76098815244717
511 0.760663512906693
512 0.760339011858295
513 0.760014649242894
514 0.759690425001436
515 0.759366339074888
516 0.759042391404247
517 0.758718581930531
518 0.758394910594785
519 0.758071377338079
520 0.757747982101508
521 0.757424724826193
522 0.75710160545328
523 0.756778623923937
524 0.756455780179362
525 0.756133074160774
526 0.755810505809419
527 0.755488075066569
528 0.755165781873519
529 0.754843626171589
530 0.754521607902127
531 0.754199727006502
532 0.753877983426111
533 0.753556377102375
534 0.753234907976739
535 0.752913575990675
536 0.752592381085679
537 0.752271323203271
538 0.751950402284997
539 0.751629618272428
540 0.75130897110716
541 0.750988460730812
542 0.750668087085032
543 0.750347850111488
544 0.750027749751877
545 0.749707785947918
546 0.749387958641357
547 0.749068267773963
548 0.74874871328753
549 0.74842929512388
550 0.748110013224855
551 0.747790867532325
552 0.747471857988184
553 0.747152984534351
554 0.746834247112769
555 0.746515645665407
556 0.746197180134257
557 0.745878850461337
558 0.745560656588691
559 0.745242598458384
560 0.74492467601251
561 0.744606889193184
562 0.744289237942548
563 0.743971722202768
564 0.743654341916035
565 0.743337097024565
566 0.743019987470596
567 0.742703013196395
568 0.74238617414425
569 0.742069470256475
570 0.741752901475408
571 0.741436467743414
572 0.741120169002878
573 0.740804005196215
574 0.74048797626586
575 0.740172082154275
576 0.739856322803946
577 0.739540698157384
578 0.739225208157123
579 0.738909852745724
580 0.738594631865769
581 0.738279545459868
582 0.737964593470654
583 0.737649775840783
584 0.737335092512939
585 0.737020543429827
586 0.736706128534179
587 0.736391847768749
588 0.736077701076318
589 0.735763688399689
590 0.735449809681691
591 0.735136064865176
592 0.734822453893023
593 0.734508976708133
594 0.734195633253431
595 0.733882423471868
596 0.733569347306419
597 0.733256404700083
598 0.732943595595883
599 0.732630919936867
600 0.732318377666106
601 0.732005968726698
602 0.731693693061761
603 0.731381550614442
604 0.731069541327909
605 0.730757665145356
606 0.73044592201
607 0.730134311865082
608 0.729822834653869
609 0.72951149031965
610 0.729200278805741
611 0.728889200055479
612 0.728578254012227
613 0.728267440619373
614 0.727956759820326
615 0.727646211558523
616 0.727335795777422
617 0.727025512420507
618 0.726715361431286
619 0.726405342753289
620 0.726095456330073
621 0.725785702105217
622 0.725476080022326
623 0.725166590025027
624 0.724857232056972
625 0.724548006061836
626 0.724238911983321
627 0.72392994976515
628 0.723621119351071
629 0.723312420684856
630 0.723003853710302
631 0.722695418371227
632 0.722387114611477
633 0.722078942374918
634 0.721770901605444
635 0.721462992246969
636 0.721155214243433
637 0.720847567538801
638 0.720540052077059
639 0.720232667802219
640 0.719925414658316
641 0.71961829258941
642 0.719311301539584
643 0.719004441452944
644 0.718697712273621
645 0.71839111394577
646 0.71808464641357
647 0.717778309621222
648 0.717472103512953
649 0.717166028033012
650 0.716860083125673
651 0.716554268735233
652 0.716248584806014
653 0.715943031282361
654 0.715637608108641
655 0.715332315229248
656 0.715027152588598
657 0.714722120131129
658 0.714417217801307
659 0.714112445543618
660 0.713807803302573
661 0.713503291022706
662 0.713198908648576
663 0.712894656124765
664 0.712590533395878
665 0.712286540406544
666 0.711982677101416
667 0.711678943425171
668 0.711375339322508
669 0.711071864738151
670 0.710768519616847
671 0.710465303903367
672 0.710162217542505
673 0.709859260479079
674 0.709556432657931
675 0.709253734023925
676 0.708951164521949
677 0.708648724096916
678 0.708346412693761
679 0.708044230257443
680 0.707742176732945
681 0.707440252065271
682 0.707138456199453
683 0.706836789080541
684 0.706535250653614
685 0.706233840863769
686 0.705932559656131
687 0.705631406975846
688 0.705330382768084
689 0.705029486978038
690 0.704728719550924
691 0.704428080431983
692 0.704127569566479
693 0.703827186899697
694 0.703526932376948
695 0.703226805943566
696 0.702926807544906
697 0.70262693712635
698 0.702327194633301
699 0.702027580011185
700 0.701728093205452
701 0.701428734161575
702 0.701129502825051
703 0.700830399141399
704 0.700531423056163
705 0.700232574514909
706 0.699933853463225
707 0.699635259846725
708 0.699336793611045
709 0.699038454701843
710 0.698740243064802
711 0.698442158645626
712 0.698144201390046
713 0.697846371243811
714 0.697548668152697
715 0.697251092062503
716 0.696953642919048
717 0.696656320668178
718 0.69635912525576
719 0.696062056627683
720 0.695765114729861
721 0.695468299508232
722 0.695171610908754
723 0.69487504887741
724 0.694578613360207
725 0.694282304303172
726 0.693986121652357
727 0.693690065353837
728 0.69339413535371
729 0.693098331598098
730 0.692802654033142
731 0.692507102605011
732 0.692211677259894
733 0.691916377944003
734 0.691621204603574
735 0.691326157184866
736 0.691031235634161
737 0.690736439897761
738 0.690441769921996
739 0.690147225653215
740 0.689852807037791
741 0.68955851402212
742 0.68926434655262
743 0.688970304575735
744 0.688676388037927
745 0.688382596885685
746 0.688088931065518
747 0.68779539052396
748 0.687501975207567
749 0.687208685062916
750 0.68691552003661
751 0.686622480075273
752 0.686329565125551
753 0.686036775134114
754 0.685744110047656
755 0.68545156981289
756 0.685159154376555
757 0.684866863685412
758 0.684574697686244
759 0.684282656325856
760 0.683990739551079
761 0.683698947308763
762 0.683407279545782
763 0.683115736209034
764 0.682824317245437
765 0.682533022601934
766 0.682241852225489
767 0.68195080606309
768 0.681659884061747
769 0.681369086168492
770 0.681078412330381
771 0.680787862494491
772 0.680497436607922
773 0.680207134617798
774 0.679916956471264
775 0.679626902115487
776 0.679336971497659
777 0.679047164564993
778 0.678757481264724
779 0.67846792154411
780 0.678178485350431
781 0.677889172630992
782 0.677599983333117
783 0.677310917404154
784 0.677021974791475
785 0.676733155442471
786 0.676444459304559
787 0.676155886325175
788 0.675867436451782
789 0.67557910963186
790 0.675290905812915
791 0.675002824942475
792 0.67471486696809
793 0.674427031837331
794 0.674139319497793
795 0.673851729897093
796 0.673564262982871
797 0.673276918702788
798 0.672989697004528
799 0.672702597835798
800 0.672415621144325
801 0.672128766877861
802 0.671842034984179
803 0.671555425411074
804 0.671268938106365
805 0.67098257301789
806 0.670696330093513
807 0.670410209281118
808 0.670124210528611
809 0.669838333783922
810 0.669552578995002
811 0.669266946109823
812 0.668981435076382
813 0.668696045842696
814 0.668410778356805
815 0.668125632566771
816 0.667840608420679
817 0.667555705866635
818 0.667270924852767
819 0.666986265327226
820 0.666701727238184
821 0.666417310533837
822 0.666133015162402
823 0.665848841072118
824 0.665564788211245
825 0.665280856528067
826 0.664997045970889
827 0.66471335648804
828 0.664429788027866
829 0.664146340538742
830 0.663863013969059
831 0.663579808267234
832 0.663296723381703
833 0.663013759260926
834 0.662730915853385
835 0.662448193107583
836 0.662165590972045
837 0.661883109395319
838 0.661600748325975
839 0.661318507712602
840 0.661036387503815
841 0.660754387648248
842 0.660472508094559
843 0.660190748791427
844 0.659909109687552
845 0.659627590731656
846 0.659346191872485
847 0.659064913058805
848 0.658783754239404
849 0.658502715363093
850 0.658221796378703
851 0.657940997235087
852 0.657660317881123
853 0.657379758265706
854 0.657099318337757
855 0.656818998046217
856 0.656538797340047
857 0.656258716168233
858 0.655978754479781
859 0.655698912223719
860 0.655419189349097
861 0.655139585804987
862 0.654860101540481
863 0.654580736504696
864 0.654301490646766
865 0.654022363915852
866 0.653743356261133
867 0.65346446763181
868 0.653185697977108
869 0.652907047246271
870 0.652628515388566
871 0.652350102353282
872 0.652071808089729
873 0.651793632547238
874 0.651515575675162
875 0.651237637422877
876 0.650959817739778
877 0.650682116575285
878 0.650404533878837
879 0.650127069599894
880 0.64984972368794
881 0.649572496092479
882 0.649295386763036
883 0.649018395649161
884 0.64874152270042
885 0.648464767866405
886 0.648188131096727
887 0.647911612341021
888 0.64763521154894
889 0.647358928670162
890 0.647082763654384
891 0.646806716451326
892 0.646530787010728
893 0.646254975282353
894 0.645979281215984
895 0.645703704761426
896 0.645428245868507
897 0.645152904487073
898 0.644877680566994
899 0.64460257405816
900 0.644327584910485
901 0.6440527130739
902 0.643777958498362
903 0.643503321133845
904 0.643228800930349
905 0.64295439783789
906 0.64268011180651
907 0.64240594278627
908 0.642131890727253
909 0.641857955579562
910 0.641584137293324
911 0.641310435818684
912 0.64103685110581
913 0.640763383104892
914 0.64049003176614
915 0.640216797039786
916 0.639943678876082
917 0.639670677225302
918 0.639397792037743
919 0.63912502326372
920 0.63885237085357
921 0.638579834757654
922 0.63830741492635
923 0.638035111310061
924 0.637762923859207
925 0.637490852524234
926 0.637218897255606
927 0.636947058003808
928 0.636675334719347
929 0.636403727352751
930 0.636132235854571
931 0.635860860175374
932 0.635589600265754
933 0.635318456076323
934 0.635047427557713
935 0.63477651466058
936 0.634505717335598
937 0.634235035533466
938 0.633964469204899
939 0.633694018300638
940 0.633423682771441
941 0.63315346256809
942 0.632883357641385
943 0.632613367942151
944 0.632343493421229
945 0.632073734029486
946 0.631804089717806
947 0.631534560437097
948 0.631265146138285
949 0.630995846772319
950 0.630726662290168
951 0.630457592642823
952 0.630188637781295
953 0.629919797656616
954 0.629651072219839
955 0.629382461422037
956 0.629113965214306
957 0.628845583547761
958 0.628577316373538
959 0.628309163642795
960 0.628041125306709
961 0.627773201316481
962 0.627505391623328
963 0.627237696178493
964 0.626970114933237
965 0.626702647838841
966 0.626435294846608
967 0.626168055907863
968 0.625900930973949
969 0.625633919996233
970 0.625367022926099
971 0.625100239714955
972 0.624833570314228
973 0.624567014675367
974 0.62430057274984
975 0.624034244489136
976 0.623768029844767
977 0.623501928768263
978 0.623235941211175
979 0.622970067125077
980 0.62270430646156
981 0.622438659172239
982 0.622173125208748
983 0.621907704522742
984 0.621642397065897
985 0.621377202789907
986 0.621112121646491
987 0.620847153587386
988 0.620582298564349
989 0.620317556529159
990 0.620052927433615
991 0.619788411229538
992 0.619524007868766
993 0.61925971730316
994 0.618995539484603
995 0.618731474364996
996 0.618467521896261
997 0.618203682030341
998 0.617939954719199
999 0.617676339914819
