0.990723122940562
0.984263177451756
0.979134878824104
0.974727061455538
0.970758510780641
0.967087971190778
0.963628433260169
0.960331301279805
0.957158887392145
0.954096183169814
0.95112821612286
0.948243397147124
0.945433368443187
0.942695772659803
0.940015851124678
0.937390986229788
0.934818914701339
0.932299164650862
0.92982060129211
0.927380604655604
0.924976784968001
0.92261072143798
0.920282174959512
0.917984135270242
0.915724054879071
0.913501055495993
0.911308819783352
0.909142077216034
0.907000847841496
0.904886697691518
0.902792174300317
0.900722433865664
0.89867070535375
0.896638641395305
0.894626289609308
0.892633968991464
0.890660065946937
0.888706998080719
0.886767108826371
0.88484535064783
0.882946261176919
0.881065085332724
0.879196587643314
0.87734437716923
0.875505102560896
0.873681294044634
0.871870751199846
0.870071324016657
0.868285414631705
0.866510489440908
0.864750686634624
0.863007208011183
0.86126991494783
0.859546666242801
0.85783472032845
0.85613906139478
0.854452436612195
0.852774956673807
0.851112076459869
0.849456924646416
0.847811064899008
0.846170660160202
0.844538892930157
0.842922055319327
0.841316806841368
0.83972000612398
0.838131395118976
0.836549580257863
0.83497824955855
0.833414526729849
0.831859289934508
0.830308880665786
0.828765812368523
0.827232655641218
0.825713020537435
0.824193099472431
0.822688202103447
0.821192484276854
0.81970384747932
0.818214913446906
0.816741597213506
0.81527371330788
0.813813352724323
0.812360332119947
0.810908792832446
0.809467643094383
0.808031365854444
0.806607597565728
0.805192822884321
0.803776083076382
0.802360683705673
0.800950906943883
0.799547739089748
0.798150350023787
0.796765525561432
0.795380995245721
0.794005395773578
0.79263774073145
0.791274705773016
0.789917171497314
0.788566726249505
0.78722159994279
0.785883657989545
0.78454507428668
0.783205497600287
0.781871229331439
0.780538308685039
0.779216879421013
0.777899313377184
0.776589800965394
0.775283524236809
0.773978077545129
0.772678065126379
0.771388326650118
0.770101370267573
0.768821456361044
0.767545010907472
0.766274419134309
0.765012195717044
0.763753880930272
0.762499772009779
0.761245712344534
0.759992373987857
0.758744947474276
0.75750716297514
0.756269406765038
0.755036090946771
0.753803357809587
0.752582774528201
0.751362823567054
0.750142602105821
0.748934706798009
0.747726353330594
0.746521039408642
0.745314176868807
0.744113644095514
0.742913256913165
0.74171963619997
0.74053152425076
0.7393485933112
0.738164657555816
0.736986104687746
0.735811927077642
0.734639462525236
0.733472491362176
0.732306542383582
0.731142960359123
0.729980542617425
0.728823618214712
0.727674739725712
0.726526641075429
0.725376105754033
0.724236954921526
0.723100596161396
0.721965375338973
0.720834615928487
0.719711383057744
0.718584524765637
0.717465793732367
0.716346091471486
0.71522956350209
0.714117125038949
0.713006244390126
0.711895771367636
0.710795251071447
0.709695541014076
0.708595115979221
0.707496482280319
0.706404654880684
0.705315553355537
0.704227202155628
0.703144518052849
0.702063974508787
0.700986357641886
0.699910220004544
0.698839325293015
0.697770545171469
0.696698346011224
0.695632028476561
0.694569492137504
0.693508950637971
0.692448329469685
0.691386764475953
0.690328233875264
0.689275842507781
0.688222248224673
0.687174399355742
0.686123211367771
0.685074319753051
0.684031960914154
0.682988588827935
0.681940442821962
0.680894779806376
0.679855276425516
0.678819983241522
0.677784932221253
0.676754566246055
0.675726139971504
0.674699828920798
0.673679299537242
0.672661659867742
0.671645008874884
0.670630528867862
0.669614353608833
0.668602443429563
0.667589056413273
0.666574227593625
0.665560372618521
0.664550839049323
0.663543484311146
0.662541647530883
0.661540513884862
0.660537074735835
0.659538577764659
0.658546461480529
0.657560496513172
0.656576986435209
0.655588808421432
0.654601392774752
0.653613309116213
0.652632461005757
0.65165413082107
0.650680574679077
0.649706861018914
0.648734392155157
0.64776108885945
0.646785961741549
0.645817018650845
0.644851207265327
0.643884925253989
0.642925435480936
0.641966932514771
0.641006741147873
0.640050355090151
0.639093975000604
0.638141785679822
0.637193027126091
0.636241793412924
0.635300239397695
0.634360708069156
0.633422182419893
0.632482787382512
0.631538820773112
0.630599762902609
0.629666833610659
0.628735703323203
0.627802334334642
0.626870588660034
0.625950008639801
0.625031256339649
0.624119258548274
0.623209540854034
0.622292027740356
0.6213774208809
0.620454649218751
0.619540574963056
0.618633667861159
0.617725349233571
0.616819624549429
0.615919174845444
0.615014859160099
0.614118963997221
0.613223399345277
0.612327517543084
0.611433382744762
0.610544578625102
0.609656154762195
0.608770131716028
0.607886476283052
0.607007983643304
0.606130026456316
0.605253064665046
0.604384027418716
0.603515582951497
0.602639660482243
0.601767343097597
0.600903778799877
0.600037822664169
0.599180966093361
0.598323915653331
0.597464522596062
0.596607680229318
0.595744301153339
0.594885173356884
0.594032137222924
0.593174874127139
0.592319101675805
0.591462359138043
0.590613843701615
0.589767613632661
0.588913432226409
0.588060613767965
0.587209805068364
0.586363708095748
0.585520625173874
0.584676283613838
0.583839437537798
0.582997911047836
0.582153435884582
0.581314173304821
0.580476233429171
0.579637070159657
0.578803073618958
0.577968492221946
0.57714355757033
0.576318536393891
0.575496620672892
0.574675203385975
0.573856317797171
0.573039131739967
0.57222107493568
0.57140949457599
0.570592807575275
0.569775655064447
0.568967856226879
0.568159579531786
0.567346561594582
0.566540868639607
0.565735374413368
0.564928519439248
0.56411980947764
0.563316720251821
0.5625099098908
0.561703171469711
0.560902841526988
0.560104068497029
0.559308646040756
0.558516037473136
0.557729015975468
0.556941930028239
0.556152974148788
0.555369193481921
0.554586240488025
0.553797829712617
0.553019395571964
0.552236761726803
0.551451791718255
0.550668340513309
0.549887695346791
0.549104300806457
0.548320771615778
0.547540502080015
0.546762532215576
0.545983998080371
0.545204615701547
0.544427098645936
0.543646983133707
0.542863903185816
0.542089658399647
0.541314493487694
0.540538599249295
0.539764944308751
0.538987811044133
0.538212027980019
0.537441742869214
0.536670520518744
0.535902301931308
0.535135878478805
0.534363571388227
0.533598083551874
0.532838112143651
0.532078315772558
0.531311088308112
0.53055117991086
0.529801964068092
0.529048170237106
0.528293544452321
0.527540824981918
0.526789426588163
0.526042926658871
0.525300439305537
0.524553541218013
0.523808816748345
0.523064978369933
0.522325197595396
0.52158347905492
0.520849158225284
0.520113691966331
0.51937704530235
0.518646186054302
0.517913072868314
0.517183201192891
0.516452947489067
0.515717298183484
0.514992316989183
0.514264175314023
0.513538281413089
0.512813530151046
0.51208848582458
0.511361437980381
0.510637567140482
0.509917067537123
0.509197785014651
0.508480444316518
0.507761250132705
0.507049570607094
0.506339543004467
0.505629268613074
0.504920112171491
0.504209865664623
0.503504246460906
0.502799491106578
0.502090479244549
0.501379424538358
0.500668518988702
0.499958020550673
0.4992492718076
0.498534704452162
0.497826688493695
0.497119054745291
0.496417299005818
0.49571181647198
0.495010276754518
0.494313833992126
0.493621651610317
0.49292962897738
0.492233420485734
0.491538114317829
0.490841222488619
0.490154935159286
0.489468221497011
0.488777181045991
0.48808516551271
0.487392903659051
0.48670607675011
0.48601517992711
0.485329249432614
0.484643321880762
0.483964690594649
0.483286963828383
0.482610684427639
0.481935509151009
0.481256878864937
0.480577187020997
0.479902707223444
0.479225948405121
0.478554326054587
0.477884964527495
0.477224410006818
0.476560860902696
0.475893055452101
0.475224277062533
0.474562389867412
0.473898108048617
0.473231835306601
0.472567528844977
0.471904233919169
0.471237856956574
0.470572584786061
0.469909313204863
0.469249121173259
0.468594177753747
0.467943680658798
0.467287974981952
0.466633866902803
0.465981179956449
0.465322582728221
0.464665544276995
0.464010140792942
0.463357166018032
0.462709034094183
0.4620630049368
0.461416239718935
0.460771609693816
0.460123814137302
0.459474572450058
0.458831723261211
0.458188148287914
0.457544057891205
0.456905564841688
0.456259142119649
0.455617280277364
0.45497708392445
0.454335882691212
0.453701907504134
0.45306549242062
0.452434252091301
0.451803092103097
0.451169631610225
0.450531708022497
0.449900373589245
0.4492665103994
0.448635565091042
0.448008403811742
0.447383538595074
0.446758558573912
0.446135955315915
0.445510317936889
0.444887684799302
0.444268705583631
0.443647931118883
0.443026815086351
0.442406752021589
0.441791355412438
0.44117590760696
0.440560468009026
0.439943100351606
0.439327670080787
0.438711013418113
0.438102923542906
0.437492520308895
0.436888897724455
0.436289908144883
0.435686829924408
0.435083415645607
0.434484534240934
0.433877283766248
0.433270429885661
0.432663347387196
0.432055284490911
0.431448521727282
0.430844991011783
0.43024541830023
0.42964465089134
0.429041901450246
0.428448798586753
0.427856494716436
0.427268450629243
0.426679623663784
0.426086902239173
0.425497134842514
0.424904463216129
0.424311298138719
0.423718044373556
0.423127342752641
0.422539364803836
0.421948612805609
0.421364076092874
0.420771056133703
0.420177461789213
0.419584669133637
0.418993338557731
0.418409072079271
0.417825332302648
0.417243604919853
0.416666107960598
0.416088428210963
0.415513293892835
0.41493741154673
0.414359114136834
0.413784480233322
0.413212328997023
0.41263682502801
0.412067476966842
0.411497557695286
0.41092688564723
0.410359303495847
0.409791353974132
0.409220520562629
0.408654047933284
0.408087155213249
0.407519512312901
0.406954961044768
0.406384648038289
0.405812622017772
0.405239948457964
0.404671934981879
0.404097577375728
0.403527843249386
0.402957478656916
0.402390285929413
0.401823184472053
0.401256514584142
0.400695187492484
0.400135909016687
0.399572903143597
0.399016319952936
0.398460828848352
0.397901084544101
0.397339920381986
0.396776582510937
0.396215479082485
0.395656703635263
0.395098777432496
0.394540648897786
0.393981305661856
0.393427583559517
0.39286539482573
0.392300790637366
0.391740364163658
0.391182438078119
0.390628618529828
0.390078146227176
0.389530438451128
0.388987895594155
0.388442267980718
0.387893956175137
0.387350421784227
0.386805060023416
0.386257099982678
0.385709896462413
0.385165848576207
0.384624781981
0.384081747436566
0.383541627094041
0.382999213424984
0.382453769410688
0.381914918636563
0.381375610879335
0.380832690591091
0.380287882912972
0.379743329032576
0.379200074800917
0.378660047142007
0.378119561249937
0.377580465356733
0.377043621268684
0.376508152303982
0.375970943167359
0.375439266528486
0.374908550920285
0.374378415890685
0.373845702033268
0.373312136299021
0.372779803765131
0.372245660617844
0.371716020071109
0.371183715226221
0.370659965397817
0.370133812858223
0.369609833369144
0.369083506542331
0.368563456027571
0.368044125450501
0.367530372078356
0.367018502219547
0.366502776620314
0.365987388804554
0.365469583772773
0.364958925504025
0.364443263417516
0.363931888686714
0.36341821136237
0.362902503713954
0.362387438753258
0.361879176543175
0.361371602761146
0.360866816373892
0.36035831459021
0.359845326576444
0.359333711052384
0.358826432436356
0.35832644999825
0.357826109575223
0.357327610976857
0.356830704361871
0.356326436833048
0.355829512556164
0.355341854958576
0.354848055264252
0.354353753824884
0.353863313903449
0.353371379936652
0.352878140481632
0.352384284667012
0.351889044119039
0.351392739388777
0.350899236618585
0.350403639088619
0.34990606220115
0.349412232599172
0.348919454083692
0.348429175578505
0.347942407817028
0.347454230421573
0.346969591473927
0.346483749344592
0.346007507238779
0.34552813075153
0.345050241774888
0.3445716384364
0.34408956862976
0.343608320064191
0.343124765772942
0.342645764725947
0.342167613572513
0.341692037714537
0.341221201555911
0.340750242209062
0.340273855770764
0.339799784757147
0.33933242561015
0.338862343822917
0.33839097050186
0.337925968678861
0.337455773590696
0.336994395350535
0.336527102583449
0.336056224936356
0.335589392069743
0.335126948119532
0.334663189150558
0.334199140491505
0.333732511365509
0.333270857546026
0.332808537054115
0.33234887516443
0.331884875654546
0.331426724611403
0.330966083393476
0.330503605609677
0.330039133757672
0.329577754503272
0.329119519709909
0.328659199333035
0.328197463068173
0.327730841060426
0.327260361376726
0.326790559544142
0.326324568395895
0.325862584441413
0.325400617200344
0.324933261738018
0.324473764078477
0.324015457451118
0.323550613312371
0.323092116757817
0.322634598788101
0.322175002566876
0.321714844770403
0.321254800885853
0.320793044244975
0.320329525317152
0.319871625640719
0.31941797175081
0.31896603105723
0.318510658403979
0.318049760848969
0.317588177449822
0.317127937183953
0.316670488593739
0.316214101705679
0.315760029604302
0.315311881806962
0.314865021093135
0.314419032531196
0.31396751962514
0.313514499215954
0.313058448356793
0.312606778957773
0.312159875252429
0.311713563944423
0.311268451791924
0.310827194405943
0.310389708433032
0.309947063037058
0.309502901270879
0.30905510772385
0.308614101598618
0.30817176878658
0.30773148186058
0.307292531005104
0.30685137723536
0.306409876537083
0.305975413845459
0.305540828534264
0.305110400760875
0.304676189439825
0.304246427456192
0.30381817150348
0.303383657303768
0.302956985648782
0.302526332064971
0.302092345105585
0.301658229119744
0.301230303484959
0.300803355641361
0.300381513999427
0.29995810383366
0.299531624074545
0.299114782921073
0.298699050843013
0.298285095129223
0.29787404044331
0.297460983369656
0.297053637564595
0.296641114691595
0.296228196387006
0.295815947658965
0.295404208609056
0.294993721398805
0.294583443257124
0.294170530966696
0.293757198409151
0.293351619109299
0.292945777597447
0.2925375068101
0.292135239030372
0.291723341693306
0.291312676064924
0.290907851234249
0.290497625668508
0.290089861027664
0.289681145805532
0.289276773785201
0.288874506798238
0.28847705127211
0.288077554873652
0.287678284619991
0.287279956045199
0.286880102751458
0.286483027402965
0.286086460203277
0.285689553959822
0.285291325049869
0.284898113930026
0.284500834967771
0.284100752831427
0.283703311703485
0.283302508979744
0.282905177848405
0.282509136616157
0.282111655601591
0.281717581380538
0.281318850251701
0.280927568306873
0.280533010246942
0.280141007188424
0.279751688100806
0.279361252856979
0.278973993710475
0.278580028518517
0.278186925098004
0.277792298417394
0.27740101577686
0.277009883654999
0.276620806548432
0.276226493941233
0.275838692556374
0.275456363779001
0.275073145777237
0.274693633298497
0.274311673733288
0.273926623452162
0.273540330700038
0.27316081464662
0.272779136332712
0.272399422442871
0.272019121200955
0.271636565102522
0.271253873132888
0.270877781847648
0.270500636259839
0.270126072002156
0.269748218780377
0.269367252063275
0.268985851866833
0.268612125832826
0.268235417894839
0.267855684857675
0.267475914850969
0.267100896307164
0.266727694611799
0.266357250771647
0.265988171431698
0.265615719209419
0.265251272937079
0.264885503496073
0.264514021549548
0.264145932758771
0.263773001337351
0.263399279094254
0.263021943226935
0.262650691020878
0.26228002775293
0.261911771495781
0.261544237670547
0.261178218137705
0.260810464231497
0.260441000563756
0.260075331557114
0.25971167361076
0.25934713246777
0.258987819648173
0.258624563826653
0.258263698667818
0.257898458656087
0.257536872217758
0.257169568049893
0.256802614091148
0.256435993847914
0.256070434861584
0.255708708137809
0.255345434423295
0.254984190145574
0.254623866160411
0.254271135439594
0.253916493505434
0.253558591813222
0.253208313353112
0.252851969095497
0.252497729081647
0.252142035625921
0.25178721274867
0.25143190398992
0.251081601946176
0.250729798121117
0.250378626449471
0.250023859323923
0.249676091406729
0.249326139962716
0.248974813239399
0.248622697753891
0.248275771299223
0.247926772262737
0.247573738051294
0.247219774058143
0.246867566600996
0.246514179568914
0.24616405075636
0.245813076431687
0.245464004361445
0.245110392972888
0.244758819727938
0.244399186749838
0.244037505602924
0.243683653802414
0.2433309619881
0.242982649567946
0.242632323539047
0.242280721162671
0.241932051716532
0.241583452427994
0.241237381352046
0.240886075316546
0.240538424714616
0.240191740172674
0.239846904207735
0.239506620458222
0.239162452540716
0.238818859542726
0.238477189448432
0.238138909367777
0.237797304653652
0.237455594791201
0.237115989925458
0.236774912662857
0.236436640020869
0.236098929496366
0.235762463193909
0.235428622940574
0.235098525144153
0.234763260016535
0.234429066401668
0.234092361701163
0.233756928929085
0.233421345075502
0.233088445074123
0.23275795412814
0.232430978357516
0.232098861392914
0.231766386785197
0.231438733745419
0.231110958170641
0.230785297025395
0.230458288228656
0.23013384137125
0.229816818142195
0.229497190492044
0.229179977654536
0.228859479837475
0.228544139664594
0.228235630481108
0.227928535614399
0.227617887354573
0.227304059346733
0.226989439828621
0.22667867654531
0.226374575733848
0.22606784242342
0.225753714856663
0.225436560036468
0.225120239420499
0.224805204705528
0.224490099937153
0.22417550409109
0.223859077924068
0.223539703689359
0.223218648517051
0.222898637286361
0.222582372552308
0.222268917247926
0.221956806199988
0.221647683426942
0.221334008256621
0.221021673977173
0.220712590509825
0.220407167580221
0.220098630941726
0.219788797958643
0.219481086451366
0.219175446949963
0.218869062023305
0.218569226650483
0.218270161716856
0.217970245799101
0.217665351280889
0.217363720227469
0.217059586853535
0.996036517025508
0.993287216634607
0.991113229418952
0.989251379946371
0.987577996635019
0.986029848432377
0.984574654142658
0.983187196314768
0.981854124029289
0.98056834866853
0.979322256695864
0.978110153721822
0.976931156333478
0.975779685578452
0.974652740360505
0.973548027649344
0.972462742066634
0.971397206894363
0.970351823422927
0.969327090320036
0.968317103791979
0.967323553181979
0.96634272052328
0.965374817325322
0.964420160589838
0.963477146485874
0.962546462389692
0.96163020920361
0.960722159870308
0.959825135126097
0.958937500860764
0.958061219743837
0.957193789860719
0.95633529524148
0.955485779668849
0.954643893658193
0.953810473770298
0.952987553228246
0.952169620958514
0.951360311159213
0.9505617561068
0.949768822711733
0.94898324882742
0.948204285843895
0.947432007163006
0.946665740627399
0.945904705628864
0.945147035878526
0.944398679360034
0.943655894247408
0.942918897133913
0.942186979959382
0.94145665947878
0.940732485366668
0.940014187031571
0.939299966279897
0.938591813362483
0.93788882837707
0.937188360278999
0.936493083900825
0.935800697402577
0.935114150707556
0.934430873483862
0.933750383684477
0.933074288695178
0.932399983810561
0.931729102900512
0.931061765572656
0.930398700920899
0.929738988229419
0.929083680052325
0.928431404870045
0.927781454228171
0.927137960611471
0.926496623611585
0.925858109530816
0.925221743162933
0.924587839543425
0.92395669621255
0.92332726783352
0.922703679128881
0.922083611491739
0.921466416921457
0.920852383431593
0.920239758291452
0.919629608716759
0.919020710878852
0.918415364415031
0.917812789329728
0.91721188076964
0.916612947108638
0.916016880696602
0.915423318912234
0.91483156456605
0.914242319893982
0.913656314308862
0.913073185104274
0.91249141728476
0.911912526742212
0.911336060003776
0.910760961543499
0.910188910845401
0.909617295953745
0.909047526138938
0.908477544145087
0.907910075586075
0.907347424834999
0.906786730049798
0.906229104176252
0.905673151292869
0.905116582758675
0.904564649360719
0.904013641598283
0.903463769645751
0.902916194412582
0.902370627330954
0.901826719456581
0.901284288274705
0.900746010005404
0.900209990327839
0.899673645785676
0.899139296079265
0.898607011240079
0.898076766021265
0.897550099342159
0.8970248280857
0.896500629932984
0.89597592693391
0.895454426222563
0.894933819389729
0.894415427914214
0.893901453093341
0.893389776775942
0.892878028052918
0.892368809588571
0.891860667161611
0.891352770911286
0.890846070299434
0.890337926479689
0.889831663088741
0.889326112731218
0.888822457891992
0.888319274709032
0.887818250175139
0.887317892010901
0.886819424662119
0.886324381001032
0.885830930799709
0.885338770685253
0.884846682262024
0.884356546820284
0.8838673847194
0.883377980239983
0.882890907864091
0.882405867298723
0.881918751560535
0.881433022622244
0.880950471299063
0.880469313240949
0.879988524328042
0.879509217891659
0.879031410989534
0.878556624722323
0.87808412048728
0.877612916510508
0.877142331932877
0.876674574593493
0.876207226018294
0.875737147893655
0.875270127113734
0.874806221268707
0.874342100016062
0.873881697491744
0.873419124396514
0.872960219225089
0.872502185543115
0.872046306670596
0.871590208163605
0.871134587355097
0.87067991022351
0.870227956520767
0.869776950456941
0.869327111413983
0.868881028695976
0.868433495181226
0.867986323986586
0.86753988697905
0.867096031725125
0.866653354483269
0.866208097861972
0.865767034529415
0.86532559774462
0.864884791538164
0.864442514156747
0.863999918126945
0.863558532615606
0.863118232109943
0.862678357228384
0.86224257121515
0.861808197948614
0.861373043897152
0.860938208069025
0.860502526251108
0.860069081388879
0.859635245817143
0.859201838459352
0.85876972442644
0.858338140242897
0.857907803861715
0.857478386185435
0.857051192243601
0.856622444075882
0.856197512204555
0.855773654575373
0.855351139930806
0.854928928841634
0.85450675752787
0.854084081451686
0.853660724842648
0.853238349839105
0.852815905784746
0.852393907860849
0.851972702568998
0.851554635999135
0.851137833794319
0.850723643849961
0.850309914682704
0.849897550774425
0.84948350566477
0.849068761388066
0.848655373252215
0.848242733150071
0.847832151920173
0.84742089918066
0.847010301167331
0.846600968461669
0.846193421716261
0.845787800075762
0.845382319790636
0.84497718640649
0.844572292652896
0.844168134533413
0.8437658637656
0.843365493561791
0.842965380814291
0.842564958482012
0.842164304461996
0.84176761489819
0.841372014676657
0.840974494874954
0.840574521016127
0.840175552181841
0.839775106099433
0.839375218693972
0.83897603476328
0.838576764235387
0.838177531453232
0.837781277974581
0.837385641879114
0.836992533555802
0.836600194232866
0.836208752280081
0.835818268180183
0.835428427567381
0.835039392036873
0.834652106035764
0.834263177349183
0.833877234041155
0.833493594309326
0.833108166937881
0.832722323004651
0.832335894947806
0.831953290377759
0.831572992044277
0.831191077604332
0.8308071148843
0.830425469369592
0.830044012820064
0.829666335417529
0.829288654947183
0.828910212288178
0.828530755770272
0.828155970699274
0.827780507337876
0.827403020961638
0.827026508639674
0.826652160160248
0.826276992550469
0.825905203772235
0.825532817215382
0.825159032495861
0.824786050602089
0.824413912262179
0.824042961360155
0.823671648142806
0.82329980758926
0.822930348314467
0.822559452212753
0.822190525007292
0.821820507635594
0.821451597408963
0.821082187881495
0.820714081890758
0.820351888085655
0.819989395088193
0.819628096004053
0.819265100309502
0.818901542278653
0.818539102471803
0.818176648821301
0.817814298743098
0.817454335837557
0.817097464817949
0.816741511185236
0.816381388163058
0.816022233218597
0.815664319447609
0.815309822291672
0.814957355509745
0.814604481957085
0.814251273899277
0.813897211126455
0.813543511478726
0.813188812286154
0.812834255322006
0.812482685090373
0.812130330867692
0.811782641312868
0.811435325458809
0.811086669304092
0.810739419222898
0.81039261367498
0.810043910902183
0.809693949692312
0.809345540392639
0.808999468247438
0.808654529524479
0.808311696239935
0.807966900486183
0.807620341127243
0.80727574059965
0.806930814732372
0.806588267666765
0.806247257769713
0.805905850314472
0.805563386900356
0.805221707641686
0.804879272747485
0.804536898063884
0.804194164432393
0.803852536888656
0.80351277160523
0.803169180818265
0.802827007822849
0.802486260388351
0.802145679859591
0.801802657243183
0.801460841323454
0.801121396009456
0.800781444204524
0.800440198925271
0.800101604521105
0.799763611258498
0.799423520216954
0.799083984632402
0.798745765864425
0.798411106022401
0.798074581086336
0.797739315832797
0.797402972042877
0.797066718054807
0.796730169566442
0.796395275739312
0.796058559512827
0.795725326325228
0.795393455190972
0.79505889782342
0.794726967562503
0.794394696691375
0.794062724214191
0.793730234629696
0.793397770674272
0.793065193139185
0.792733792212995
0.792403830842403
0.792076741751291
0.791749740889055
0.791420250600658
0.79109410173877
0.790766639244549
0.790440655540946
0.790114632459667
0.789788628960827
0.789463468670861
0.78913803461968
0.788813128331114
0.788489519183522
0.788165827158707
0.787841630014791
0.787518604796935
0.787192732699122
0.786867512223916
0.786545027580056
0.786223981974269
0.785904450612153
0.785582648168187
0.78526127746401
0.784939553257415
0.784619230603268
0.78429995122532
0.783981119760996
0.783662334434512
0.783344904778144
0.783027418855497
0.78270934087749
0.782392044414648
0.782075644408745
0.781758376595441
0.781443876247776
0.781128547818774
0.780811677885684
0.780494981300487
0.780180662119045
0.779865666050898
0.779553304791467
0.779239461198592
0.778924757732594
0.778607625666352
0.77828979731749
0.777971628064273
0.777656817901978
0.777342678131111
0.777027732881393
0.776713243322268
0.776400640660969
0.776087089224225
0.77577267472331
0.775458587144785
0.775145340397721
0.774832184673048
0.774518833716725
0.774204137741919
0.773890754272316
0.773576347000045
0.773264325449855
0.772954211303479
0.772642480701008
0.772331112079027
0.772019488048611
0.771707764873693
0.771396626297878
0.771084975949048
0.770774434531789
0.770463995106216
0.770152790306811
0.769841031704036
0.769528775930597
0.769216238989594
0.76890407041069
0.768592021627438
0.768281154937404
0.767972428400911
0.767666875821844
0.767361058496927
0.767056551529389
0.766749406289325
0.766442339779455
0.766137357876676
0.765833114269713
0.765528630566452
0.765223061436002
0.764916774200447
0.764610505440897
0.764303515980516
0.764000643264338
0.763697079347405
0.763394260991295
0.763090562288369
0.762788125552149
0.762484529781309
0.762179884360697
0.761877028318842
0.761574058747412
0.761270650027882
0.760969307621079
0.760667552469396
0.76036699538617
0.760066715471447
0.759765416053636
0.759463845136249
0.759162298065811
0.758863170564319
0.758564842274787
0.758267922283407
0.757971203765647
0.7576763353133
0.757379462604581
0.757082099496828
0.756785112586242
0.756488310073256
0.756193259848411
0.755899341783909
0.755600992516762
0.755304162899537
0.755009020010977
0.754715798703998
0.754421130970575
0.754127999250764
0.75383592278298
0.75354092634775
0.753247504695666
0.7529537146685
0.752662319550945
0.752370116309449
0.752077631744949
0.751786755185048
0.751497074247718
0.751206536279118
0.750917623266006
0.75062856771622
0.750339583037329
0.750049725863528
0.749756450476558
0.749463772631169
0.749170227229946
0.748875934526898
0.748583707180899
0.748291072630439
0.747998500484017
0.747707277317091
0.747418058558255
0.747127550436648
0.746836096353662
0.746545663611018
0.746256534843103
0.745966619740708
0.745676244957829
0.74538716903288
0.745097037127091
0.744807739088753
0.744518146394559
0.744230970237588
0.743943874669151
0.743657257372805
0.743368835353071
0.743080647178581
0.742792592772925
0.742504985929201
0.742218369164707
0.741929875666322
0.741641453890967
0.741353982192417
0.741066534531246
0.740780680364783
0.740492853364642
0.740207771209785
0.739923988391279
0.739638699970063
0.739352793911309
0.739067971290679
0.73878260884403
0.738496352096629
0.73821101057461
0.737925543288187
0.737643273768782
0.737358368015243
0.737074308879739
0.736788733703281
0.736503218098146
0.736218699771213
0.735935943619022
0.735651341225353
0.735366932451207
0.73508150826048
0.734799166071885
0.73451802097198
0.73423626960837
0.733954975446731
0.733674162088967
0.733394615326414
0.733114473946129
0.732834424384335
0.732554578217604
0.732277181538847
0.731998068198452
0.731720075953472
0.73144229044642
0.73116546335644
0.730889980294953
0.730614747829945
0.730337853303712
0.730060226859706
0.729782966132705
0.729507316094198
0.729230434053703
0.728954648947172
0.728676593350935
0.728396927080621
0.728118437736606
0.727844304849602
0.727569124112203
0.727296022772187
0.727021868759644
0.726749663231771
0.726475256201698
0.726202055037369
0.72593031878761
0.725656590020723
0.725384486969478
0.725111924848602
0.724838015258166
0.724563550444767
0.724289641411823
0.72401621062655
0.723742550605884
0.723468304029
0.723193071411615
0.722920920150762
0.722649022598816
0.722379535731221
0.722109325413905
0.721842278668405
0.721573884293232
0.721305079124656
0.721035530321578
0.72076793482083
0.720498818350796
0.720230574933464
0.719964175900644
0.719698952197689
0.719434539701479
0.719166873047344
0.718896160265599
0.718627259754838
0.718359872931142
0.718090159288821
0.717822657639086
0.717557865619806
0.717293314741098
0.717027436264975
0.716762479161282
0.716495482649453
0.71622662717827
0.715961043705276
0.71569709417062
0.715432322567206
0.715167959806118
0.714901052944017
0.714635035098587
0.714368781371377
0.71410335195076
0.713837984477647
0.713573407452341
0.713309250668024
0.713045197857036
0.71278021352499
0.712514628096498
0.712249948933238
0.711985482806275
0.71172140731221
0.711457803551776
0.711193552336389
0.710928252895629
0.710663619186464
0.710398386409037
0.710133545098672
0.709869821056643
0.709605978059963
0.709343948797806
0.709079285634855
0.708814857151608
0.708549684269214
0.708287451124849
0.708026551619488
0.707767068057508
0.707506852416307
0.707245136055778
0.706986251713009
0.706726599246882
0.706469365383259
0.706211840907698
0.705951241789487
0.705691452879957
0.705430152102687
0.705170110706829
0.704910047799475
0.704650527964387
0.704395352144485
0.704139755153958
0.703883606071258
0.703624331013137
0.70336623220801
0.703107695052905
0.7028519294081
0.702593037252033
0.702336471855606
0.702081257362991
0.701826503128912
0.701573914982713
0.701320109345606
0.70106502734589
0.700811237455701
0.700556257508514
0.700301203195533
0.700044372181845
0.699787206925191
0.699531359087677
0.69927471703618
0.699021993351563
0.698765763058632
0.698510691789927
0.698255960042462
0.698001729076485
0.697747801231994
0.697493466846188
0.697240432651978
0.696987547318994
0.696731031768405
0.696472733079575
0.696216938723627
0.695962580923782
0.695707193965597
0.695452781468641
0.69519845976197
0.69494540514544
0.694692465082658
0.694437814561728
0.694183330663062
0.693928257819669
0.693673070211881
0.693419625461084
0.693167943906616
0.692917123011827
0.692666097436351
0.692414756365409
0.692163499859409
0.691911825234961
0.69166232931961
0.691412880876105
0.691164650336738
0.69091561799983
0.690666622518897
0.69041705326199
0.690169760715579
0.689921074053789
0.689671624992204
0.689421219192013
0.689172450025802
0.6889234304221
0.688672899136735
0.688421738728608
0.688172609276179
0.687925245665593
0.687680389576635
0.687433828077195
0.687188973822508
0.686944609186167
0.686700467401049
0.686453745533831
0.686208036579833
0.685962235934775
0.685716095720757
0.685472380807018
0.685228448247825
0.684987185854089
0.684744307464294
0.684500004374342
0.68425729589687
0.684014320564679
0.683771540043626
0.683529729929203
0.683285432418708
0.683042377074318
0.682798066228121
0.682554705707533
0.682311294029843
0.682070885029674
0.681829634181635
0.681590300000619
0.681349338125484
0.68110905253063
0.680867264452807
0.680624804271178
0.680384049074166
0.680142150986867
0.679899362834216
0.679659598352638
0.679418577244794
0.679175995216616
0.678933017469322
0.678691863382469
0.678451617193072
0.678210918853594
0.677970751193447
0.677730416579631
0.677489883843952
0.677249044885329
0.677010211863689
0.676770424910772
0.676534346035474
0.676297433614582
0.676058954955528
0.675819953145279
0.675583090156241
0.675345299947023
0.67510637718914
0.674865379650503
0.67462570662144
0.674386856760969
0.674148034140294
0.673913498211384
0.673674291995114
0.673435123049595
0.673199862854323
0.672963402720656
0.672726882404766
0.672490400785161
0.672252905570676
0.672014016771379
0.671776067633
0.671538405027729
0.671303327479757
0.671071300290002
0.670837638597943
0.67059912907813
0.670363039219723
0.670129312804107
0.669894288149837
0.669660612021767
0.66942823270296
0.669196591630734
0.668964087745389
0.668732164567012
0.668500584150484
0.668267550194669
0.668035336213844
0.667805283189786
0.66757370815107
0.667343341707034
0.667113742748389
0.666884647232596
0.666654291744192
0.666424652048625
0.666194195532307
0.66596324146332
0.665733112811199
0.665503668944799
0.665270576519042
0.665036044931962
0.664802225997716
0.664569938210712
0.664337591609733
0.664104980107376
0.663871829757093
0.663637835508849
0.663406862546167
0.66317611320672
0.662944784362141
0.662712292482298
0.662481761767481
0.662252413947167
0.662021752721361
0.66179269782031
0.661565205119866
0.661336989275574
0.661107980018341
0.660880659057299
0.660652328798285
0.660423577755361
0.660194552638293
0.659964773850636
0.659735760212376
0.659502875822146
0.659270914519444
0.659040980235388
0.658811833344458
0.658581765173337
0.658352427063615
0.658124940676317
0.657899210235171
0.657673198338317
0.657447323805044
0.657221612851423
0.656993344963093
0.656767666309471
0.656541975801914
0.656317031366066
0.656091625993583
0.655865137287402
0.655638821525081
0.655412178448186
0.655182243011454
0.654954561966372
0.654727593819472
0.654502875776249
0.654276863715193
0.654048914657683
0.653819995202276
0.653590817935081
0.653363207612919
0.653137427825118
0.652910418575834
0.652684281962569
0.652458413592542
0.65223288906163
0.652007920188427
0.651781312523504
0.651557849389384
0.651333836275467
0.651108507696245
0.650883562384229
0.650657574265621
0.65043030828895
0.650202576691516
0.649975285913168
0.649746997507608
0.64951712609474
0.649289146412462
0.64906459018265
0.648838858953732
0.64861571410904
0.64839259063846
0.648168212899094
0.647941672997965
0.647716731505656
0.647491725397549
0.647268264426462
0.647047482284498
0.646823889847235
0.646601282685685
0.646377976245148
0.646155699234686
0.645933710685414
0.645712097447906
0.645491343778428
0.645270478285283
0.645049280104542
0.644826990219459
0.644603494851976
0.644380438652212
0.644157802335856
0.643933948497379
0.643712381644966
0.643489444328652
0.643264735831966
0.643038571643626
0.64281520957386
0.642590631472954
0.642365680508687
0.642140992736424
0.641917487546872
0.641693155582704
0.641473572874358
0.641254333334289
0.641036182052172
0.64081700071609
0.640596559255524
0.640375928250107
0.64015848008308
0.639940263167908
0.639718900289921
0.63949729142905
0.639275809934269
0.639055382274906
0.638837579204347
0.638619679794936
0.638401654862226
0.638183114808327
0.637961525596958
0.637739903058134
0.637519960286257
0.637301751692138
0.637082679822906
0.636862604297907
0.636643485798871
0.636423753581116
0.636204521491256
0.635985391178352
0.635763896011803
0.635544519967791
0.635327082562396
0.635109457317436
0.634891666195526
0.634674007443478
0.634457284236605
0.634239767840119
0.634022783582596
0.633805757476463
0.633587469227754
0.633370390667415
0.633153686191129
0.632936986220085
0.632721106819913
0.632506450538596
0.6322930414786
0.632078923001785
0.63186570300708
0.631651978070282
0.631437734694413
0.997584309658331
0.9959086572121
0.99458377576611
0.993451052719825
0.992433989747748
0.991493292122368
0.990606271830867
0.989760926583901
0.988949101320058
0.988164734310525
0.987404642428877
0.986666767842641
0.985949669493815
0.985248075890762
0.984563432608444
0.983893846046871
0.983236295554235
0.982591888753049
0.981959577732134
0.981337332370015
0.980725959591132
0.980123437769592
0.97953059459902
0.978944644391292
0.978367234901678
0.977797955748299
0.977235550980039
0.976679628333055
0.976131599122678
0.975589092261237
0.975053865213667
0.974524142645233
0.974000377452047
0.973481042839953
0.972966101529738
0.97245748755973
0.971952478729299
0.971453897123051
0.97095925772482
0.970470152906226
0.969984060742612
0.969502325771149
0.969024097112419
0.968549004442112
0.968078200117449
0.967611045979113
0.96714707399025
0.966687746621455
0.966231132595482
0.965779485612615
0.965331328412994
0.964885145361265
0.964440936378437
0.963999629304499
0.963560532316535
0.963124212321069
0.962690463402651
0.962261436489459
0.961834080627481
0.961409428832735
0.960987656113243
0.960568111007528
0.960151318323686
0.959736991187306
0.959324128890135
0.958914176295293
0.958507890151762
0.958104128909973
0.957700956900093
0.957300329672264
0.956900313537275
0.956504551486989
0.956109752853828
0.955718341996179
0.955328506286231
0.954941392556645
0.95455599915505
0.954173442506332
0.95379244120339
0.953413200051908
0.953035039977667
0.95265873184188
0.952283887640362
0.951910834240168
0.951539818490169
0.951169387301232
0.95079970028729
0.950432354278886
0.950068680808783
0.949705102822527
0.949343551483698
0.948981704121934
0.948622174489982
0.948263893119325
0.947908633200949
0.947553237794649
0.94720060848544
0.946848012962769
0.946496326523535
0.946147617190632
0.945800699511248
0.94545465221749
0.945108940961602
0.944766157868815
0.944422812106666
0.944080728891528
0.943738419274226
0.943399409008958
0.943061188606164
0.94272412598907
0.942387286253922
0.942053122351165
0.941720427435797
0.941388197313762
0.941056919825915
0.940728845425079
0.940400565954025
0.940073525243532
0.939747038386687
0.939422940829629
0.939099542473137
0.938776169150648
0.938453452832565
0.938131764776272
0.937810664262538
0.93749098298826
0.937171784744049
0.936853346654134
0.936536269575832
0.936220108792647
0.935905490303466
0.935592068188437
0.935280168663437
0.934968737669302
0.934657211618388
0.934346759148653
0.934038544678399
0.93373118815002
0.933424664448996
0.933120407564075
0.93281651171976
0.932513788248669
0.932210470734592
0.931906935855182
0.931606160152612
0.931307545800726
0.93101057824223
0.930713883981466
0.930417797256096
0.930121299163388
0.929826675151383
0.92953092736789
0.929234622348816
0.928938522139138
0.92864375424049
0.928348658389688
0.928053890187502
0.927761358673373
0.927470600172479
0.92718101066652
0.926892773879949
0.926606274858838
0.926321198728846
0.926036632653506
0.925754180481068
0.925471806220026
0.92518831578549
0.924904849244893
0.924622377532353
0.92434082554978
0.924059959345084
0.923778909248789
0.92349780781026
0.92321743699897
0.922938357751935
0.922659189495571
0.922380914465532
0.922102363978506
0.921824977207311
0.921548774870782
0.921273925441816
0.920999134980189
0.920723966305239
0.920448365496431
0.920174013901992
0.919901262600959
0.919629256055794
0.919358134517629
0.919087369263041
0.918816899814654
0.918546953672307
0.918277551079067
0.918008707686476
0.91774077790839
0.917472403669045
0.917204772283746
0.916937985564425
0.916671489281233
0.916406862953066
0.916143243069088
0.915880389548973
0.915617278282837
0.915355450210636
0.915094223314113
0.914832965649759
0.914572693573398
0.914312651637094
0.914053159570624
0.913793640798332
0.913534690807638
0.913276088732712
0.913017530961759
0.912761242129324
0.912504048795306
0.912247355919935
0.911992388561635
0.911738155062463
0.911483599029444
0.911229628609172
0.910976347230529
0.910723165843283
0.910470127428785
0.910217617771845
0.909965941036246
0.909715996479032
0.909465144504394
0.909214503922943
0.908963071308509
0.908712010412561
0.908462920997422
0.908214254113646
0.907965589026975
0.907716871713128
0.907469158336281
0.907221151441578
0.90697296370606
0.906724786847509
0.90647757026401
0.90623144369977
0.90598510954131
0.905739879869252
0.905494898559924
0.905249591777536
0.905007020800799
0.904763878695229
0.904522469891552
0.90428103202526
0.904037779757472
0.903795763166815
0.903554514294118
0.903312552472725
0.903071251348908
0.902830327496936
0.902591132128089
0.902350390605126
0.90210995524621
0.901869928256656
0.901629707307157
0.901388640480448
0.90114965368488
0.900912436139388
0.900673697033946
0.900435254305496
0.900197435460152
0.899960675873564
0.899723818247396
0.899487639343468
0.899249333304107
0.899010887684351
0.898775253837537
0.898539907752869
0.898304169023731
0.898069002244563
0.897834481375095
0.897598723998974
0.897365022721152
0.897131569484023
0.896899050604522
0.896666354406015
0.89643433898541
0.896202155374695
0.895973390319302
0.895744097867872
0.89551504159236
0.895287243090918
0.895057929735063
0.894829294539861
0.894599952375786
0.894371443092194
0.894144243780985
0.893917460735203
0.893691277265982
0.893465655149535
0.893239140056199
0.893012484963159
0.89278650566654
0.892560737288353
0.892335535227575
0.892112478119453
0.891889315161792
0.891666429390381
0.891444197084819
0.891223299166502
0.891002199752554
0.890781597904636
0.890561048480833
0.890340274368728
0.890119357307136
0.889899533411869
0.889679353383441
0.88945882501641
0.889238413966936
0.889017896654278
0.888797153418619
0.888576494351309
0.888354883385673
0.888135598657086
0.887917297198406
0.887699217115965
0.887481428688513
0.887263205247808
0.887045051348761
0.886827870112805
0.88661147583945
0.886393902039968
0.886176424777869
0.885959812302478
0.885743390089548
0.885526717809837
0.885309805751072
0.885093600159024
0.884878567359683
0.88466344285338
0.884448724071232
0.88423413758612
0.884020067310121
0.883804942841703
0.88359138510242
0.883377453992304
0.883164518122785
0.882951610693965
0.882739117056029
0.882527787031914
0.882315188309654
0.882102813004842
0.881891651337458
0.881681227108192
0.881472366239725
0.881261019760735
0.881051068515784
0.88084289682695
0.880634109575592
0.880425032174794
0.880216567759336
0.880007378289463
0.879797993899265
0.879588805865542
0.879378692033131
0.879169544194939
0.878961824511339
0.878754188090619
0.878545452201356
0.878337263235208
0.878129791199967
0.87792422397776
0.87771881567319
0.87751403965317
0.87730877624963
0.877104388604968
0.876899620597797
0.876696061025401
0.876491468839711
0.876284825917324
0.876078532160695
0.875872697605117
0.875667827892872
0.875461681287763
0.875256903711407
0.87505213268433
0.874847413513648
0.87464406357683
0.874439375521389
0.874235949296494
0.874032593969075
0.873829751300469
0.873627187376357
0.873425033038071
0.873222202476449
0.873019926901826
0.872818298457777
0.872617268919034
0.872415819910899
0.872214752466392
0.872014284737902
0.871814041552913
0.87161388873725
0.871413019760233
0.871214274125525
0.87101536503326
0.870814680053645
0.870613527497836
0.870413068654719
0.870213974277727
0.870014515291473
0.869814745670222
0.869615352766988
0.869414544131704
0.869215041910006
0.869015037030109
0.868816090805393
0.868618091757089
0.868420865228884
0.868223985013943
0.868026340943577
0.867829027988971
0.867631188492642
0.867433247788778
0.867236383577399
0.867040584545184
0.866842367790765
0.866644035668579
0.8664478529902
0.866250980101124
0.866054345278296
0.865858102413624
0.865663177634723
0.865467279113329
0.865272687016047
0.865078620482579
0.864882762811001
0.86468771350081
0.864493520182479
0.864298976043627
0.864105752417585
0.863914568937243
0.863722260165524
0.863529782325725
0.863337322613964
0.863144782812318
0.862952792726622
0.862759637465533
0.862566889504981
0.862375210728239
0.862185319573084
0.861996303570226
0.86180608609773
0.861615591261818
0.861424838313455
0.861233830498291
0.861043868301078
0.860853478098839
0.860662731844551
0.860471505614309
0.860280580497787
0.860091886453097
0.859903347562128
0.859714013029035
0.85952566855303
0.859336932708254
0.859149296538135
0.858961955724052
0.858774778032903
0.858588134847291
0.85840226860872
0.858216028880707
0.858029665046725
0.85784265267466
0.857656811468961
0.857470517928863
0.857285603251445
0.857097538168561
0.856909478057679
0.856721503478979
0.856534134418827
0.856345190519175
0.856157211702522
0.855969241379673
0.85578304465226
0.85559690507775
0.855412486687264
0.855226844433417
0.855040797411653
0.854855064868407
0.854669366758827
0.854483148593737
0.854298222892164
0.85411312533514
0.853928107935321
0.853743694248383
0.853559887845895
0.853375061763847
0.853190430766358
0.853006340657269
0.852822991694907
0.852641351086925
0.852458961825809
0.852276561424928
0.85209304972732
0.851910364531761
0.851727150049565
0.85154416377075
0.851361249891075
0.851178763822985
0.850998474380566
0.850819253404032
0.850638996383322
0.850459128418068
0.850277768378357
0.850097240248282
0.849917407209985
0.849736539367561
0.849555116962258
0.849374256179571
0.849193256535403
0.84901136473604
0.84883042474537
0.848648610382946
0.84846972208509
0.848290024278577
0.848108765398946
0.847928999563732
0.847750274173468
0.847573482480417
0.847396049046782
0.847218376382376
0.847039933132879
0.84686009330606
0.84668160756045
0.846503562537965
0.846324205272624
0.846145383448533
0.845966963117691
0.845788328021416
0.845609546934505
0.84543091593972
0.845253031010441
0.845075401615743
0.844896998892917
0.844719285810416
0.844541180077929
0.844365019923785
0.844189500653108
0.844012097544338
0.843835596497253
0.843658803308102
0.843482450373949
0.843306142732483
0.843130018986321
0.842954302685321
0.842777982290684
0.842601811603018
0.842424227523385
0.84224843953629
0.842071973964123
0.841895262563576
0.841718827657013
0.84154398020008
0.84136914880008
0.841193885558086
0.84101851369726
0.840842012040639
0.840665868584154
0.840489292287253
0.840313262784057
0.840139906165007
0.839965078530315
0.839790649765994
0.839617442843546
0.839445279975755
0.839272222040455
0.839100106184013
0.838926792581704
0.838754529792979
0.838582336620485
0.83841014727204
0.838238387557858
0.83806731910689
0.837895930833334
0.837723451235205
0.837551748982098
0.837378859813191
0.837206872423777
0.837035827312774
0.8368645030711
0.836694455731177
0.836523998305135
0.83635393578999
0.836183527994544
0.836013510595259
0.835842779846031
0.835672612472167
0.835501624182109
0.835330372582551
0.835161250935223
0.834993454962297
0.834825066470897
0.834655922350376
0.834485545896397
0.834314801550818
0.834144820636478
0.833975961223283
0.833806497006223
0.83363803054018
0.83346905428913
0.833300137783983
0.833132846411611
0.832966903415248
0.832801111746806
0.832632886454643
0.832465309109591
0.832297571841072
0.832131667360897
0.831965138629861
0.831799479433913
0.83163428577812
0.831469838711034
0.831304209336707
0.831137234806211
0.830969716748108
0.830803160854117
0.830636640455459
0.830470840748683
0.830304949766293
0.830139039905716
0.829972109276493
0.829806628403929
0.829640812286953
0.829473992244809
0.829309168774554
0.8291432527046
0.8289773584197
0.828811502667543
0.828645432649278
0.828479220519756
0.828315232112679
0.828151091041899
0.82798727938438
0.82782394351383
0.827660912440193
0.827497501698255
0.827334321164289
0.827171018112705
0.827008603682181
0.826845228667872
0.826680999865151
0.826518417509627
0.826355743720983
0.826193385619497
0.826031389736957
0.825868266029442
0.825704615678151
0.825540913440316
0.825376330881597
0.825213806948949
0.825052565096693
0.824891913754235
0.824728464914729
0.82456609904957
0.82440319848354
0.824242955491136
0.824082482959589
0.823922302671206
0.823762447631563
0.82360284804387
0.823442873052199
0.823282614037002
0.823122775426447
0.822961845891509
0.822801343716403
0.822640828593815
0.822481429617487
0.822322302891822
0.822161548461661
0.822000251756243
0.821840323419594
0.821681398017653
0.821522018843567
0.821361747711971
0.821201940770907
0.821042535086185
0.820883768306381
0.820724255002297
0.820564130646474
0.820405120039536
0.820246174501923
0.820086561721529
0.819928949229044
0.81976969955764
0.819610763831217
0.819451229074645
0.819291817320364
0.819131088069311
0.818972823004492
0.81881461844707
0.818657087328961
0.818500256270092
0.818343057548245
0.818186539954375
0.818029611793505
0.817872721859599
0.817715255082651
0.817558543298334
0.817401965006799
0.81724610059468
0.817088793541198
0.816931813231318
0.816774272970998
0.816618213295627
0.816459708670953
0.816302884288046
0.81614731700437
0.815991880597283
0.81583723126257
0.815681806155277
0.81552798344876
0.815372557047509
0.815219022766123
0.815066544143857
0.814912454920723
0.814757435223999
0.814604047646159
0.814450133529164
0.814296069591654
0.814143124459442
0.813989860914421
0.8138374008447
0.813683894876917
0.813530783313231
0.813376569347722
0.813223464206811
0.813070881566771
0.812919401555902
0.812768865924444
0.812617016024213
0.812465598205993
0.812314703235504
0.812162046348864
0.812009852372337
0.811856302138139
0.811704332795171
0.811551574262019
0.811398432517127
0.811244666838991
0.811093092533656
0.810940630468587
0.810788099928241
0.810637924772271
0.810485988739403
0.810333052902811
0.810180047690226
0.810028519729609
0.809877830892497
0.809726841461531
0.809576250610851
0.809426360696606
0.809275217758483
0.809124757539899
0.808974859059807
0.808825531812303
0.808677039569949
0.808528182639223
0.808379083761281
0.808231917119235
0.80808470773312
0.807937267365103
0.807789290351474
0.807640507192081
0.807492868943799
0.807346021642253
0.807198070923318
0.807049870884368
0.806901788298131
0.806754956132574
0.806606874326154
0.806458888486992
0.806310198137068
0.806161725937562
0.806013374614059
0.805866306614398
0.805718967823199
0.805570629641401
0.805421965409616
0.80527449230659
0.80512741224418
0.804979530074175
0.804831653546132
0.804684949470736
0.804537322571919
0.8043907257487
0.804243491441217
0.804095590687912
0.803948669758733
0.803801383742347
0.8036550507661
0.803508213030994
0.803361904369896
0.803216604408724
0.803069108585061
0.802923049789306
0.802778098927195
0.802633174640164
0.802487691730984
0.802343369826021
0.802198862282592
0.802054346039339
0.801909805095425
0.801766837001985
0.80162372449467
0.801481524218958
0.801338621758965
0.801196432014068
0.801052156486964
0.800909531420619
0.800765921066482
0.800623247436894
0.800479467587973
0.80033519731211
0.800191662293331
0.800047740207131
0.799904889031621
0.799761757345877
0.799620259727558
0.799478200728382
0.799335716185603
0.799192580018735
0.799050443271301
0.798908402417011
0.798766399048057
0.798623450549475
0.798479998055446
0.798336970654318
0.798194505835213
0.798052977249711
0.79791099922578
0.797768855608841
0.797627453163727
0.797485481624551
0.797342840324066
0.797201340036011
0.797059102927193
0.796918218917305
0.796777977394323
0.796636004598104
0.796494637741528
0.796351042694726
0.796208667291988
0.796067249692919
0.795926758661038
0.795786527266449
0.795645237897466
0.795503307228877
0.795360969566967
0.795220733279087
0.795079701382737
0.794940087905214
0.794801463190946
0.794663164898038
0.794524106704855
0.794383917990414
0.794244389422739
0.794104695495369
0.793965064508032
0.793825017631614
0.793686079372058
0.793545322504091
0.793404584300152
0.793264227857621
0.793124826289007
0.792986063770907
0.792845401262288
0.792705568168835
0.792565480911285
0.792424732995383
0.792284339750481
0.79214370940862
0.792002358664284
0.791860177924885
0.791720358715545
0.791579451061789
0.791438645696038
0.791296731172884
0.791155044289555
0.791013471469234
0.790872149972139
0.79073257344869
0.790591820872577
0.790448782643161
0.790306926737162
0.79016557365948
0.790025176935676
0.789885713583478
0.789744906227571
0.789603780416715
0.789462287598057
0.789321565594932
0.789179664322393
0.789037441241343
0.788895535028278
0.788756271048871
0.788617213308876
0.788479204484801
0.788339969453587
0.788202219109356
0.788063421921609
0.787923953610117
0.787786266161864
0.787647010522875
0.787507682826289
0.787370307894894
0.787232613291754
0.787095739931845
0.786958082378141
0.786820734010914
0.786684381070959
0.786547808489244
0.786410392360577
0.786272368954422
0.78613533618839
0.78599854760965
0.785862235498794
0.78572750663848
0.785592490461816
0.785456652891999
0.785319931238733
0.785182719837128
0.785046872693916
0.784911850816011
0.784775679543521
0.784641253439115
0.784504937928233
0.784368525712912
0.784233312885414
0.784097807669562
0.783961195408563
0.783824882989885
0.783688743391225
0.783551958719294
0.783415151962677
0.783278122924757
0.783141752125025
0.783005496561479
0.782869614002138
0.782734990031108
0.782600157114779
0.782465233309284
0.782328721493358
0.782192911108741
0.782058648416117
0.781922926943746
0.781788470839159
0.781653741459699
0.78151933824759
0.781386026123788
0.781250681603137
0.781115207731124
0.780978905370957
0.780843256364499
0.780707994753809
0.78057299021228
0.78043855307762
0.780304427239262
0.780169964417501
0.780037050913225
0.779904574944898
0.779772510018251
0.779639393216261
0.779506076628575
0.779372633785418
0.779239590054133
0.779105191183293
0.778971025224537
0.778837195544495
0.778703984302548
0.778570377266744
0.778435191519026
0.778300388738527
0.778165677036718
0.778032598901372
0.777900165641576
0.777765721848917
0.777633077892699
0.777498851293475
0.777365980582079
0.777233555698047
0.777100824179776
0.776967220114336
0.776835128945863
0.776703179004129
0.776571036886399
0.776438935638259
0.77630616333458
0.776172752208511
0.776039056433544
0.775904878486338
0.775771683343821
0.775636696079535
0.775501134452178
0.775366533906514
0.775233495628773
