1 2.435619178565
2 6.27047318826872
3 16.1432601413339
4 41.5606350854574
5 106.99737064163
6 275.463483671072
7 709.177528206287
8 1825.76928095967
9 4700.42173463561
10 12101.1809727797
11 31154.3493761242
12 80206.5093673798
13 206490.723565863
14 531607.961187432
15 1368618.50022874
16 3523492.37769965
17 9071190.0603657
18 23353673.0864162
19 60123759.1757853
20 154787917.260451
21 398499688.946226
22 1025932804.71003
23 2641252048.56113
24 6799872615.43909
25 17506192796.476
26 45069489321.2496
27 116030874976.261
28 298720135295.809
29 769051506759.754
30 1979914140919.14
31 5097265880055.23
32 13122851599975.8
33 33784628498351
34 86978132311859.6
35 223924187913700
36 576490211965308
37 1.48416733175734E+15
38 3.82097149775764E+15
39 9.83704658785955E+15
40 2.53253617904526E+16
41 6.51998487644527E+16
42 1.67856250745057E+17
43 4.32143961191962E+17
44 1.11254959148537E+18
45 2.86424595660251E+18
46 7.37396783271546E+18
47 1.89841942423202E+19
48 4.88745868175867E+19
49 1.25827054132473E+20
50 3.23940284359792E+20
51 8.33980486586161E+20
52 2.14707304274015E+21
53 5.52761452456977E+21
54 1.42307791695994E+22
55 3.66369751135397E+22
56 9.43214654287912E+22
57 2.42829513437282E+23
58 6.25161752185706E+23
59 1.60947164479184E+24
60 4.14356599125321E+24
61 1.06675623515509E+25
62 2.74635149444811E+25
63 7.07044991394947E+25
64 1.82027908979343E+26
65 4.68628730146586E+26
66 1.20647920393199E+27
67 3.10606664910419E+27
68 7.99653238716025E+27
69 2.0586979431798E+28
70 5.30009386075638E+28
71 1.3645029872347E+29
72 3.51289703746246E+29
73 9.04391248041295E+29
74 2.32834472747458E+30
75 5.99429636421156E+30
76 1.54322461266177E+31
77 3.97301377913818E+31
78 1.02284776692331E+32
79 2.63330965473511E+32
80 6.77942501510192E+32
81 1.74535506877233E+33
82 4.4933962825805E+33
83 1.15681963593289E+34
84 2.97821867006884E+34
85 7.66738925519159E+34
86 1.97396042746819E+35
87 5.08193811416581E+35
88 1.30833904453372E+36
89 3.36830362156509E+36
90 8.67165841640976E+36
91 2.23250835255613E+37
92 5.7475667339493E+37
93 1.47970435691214E+38
94 3.80948162103432E+38
95 9.80746603414896E+38
96 2.52492069996839E+39
97 6.50037891431961E+39
98 1.6735149753519E+40
99 4.30844479936021E+40
100 1.1092040921373E+41
101 2.85563300752241E+41
102 7.35179389569203E+41
103 1.89271076998887E+42
104 4.87276181794363E+42
105 1.25448685086462E+43
106 3.22966177660697E+43
107 8.31472660242481E+43
108 2.14061667304685E+44
109 5.51099267604291E+44
110 1.41879864142932E+45
111 3.65268056637498E+45
112 9.4037835464324E+45
113 2.42099311399444E+46
114 6.23281855549747E+46
115 1.6046318728126E+47
116 4.13110605469978E+47
117 1.06354843901138E+48
118 2.73809306066271E+48
119 7.04918867242031E+48
120 1.81480540794156E+49
121 4.67219537133354E+49
122 1.20285125294346E+50
123 3.09672653156771E+50
124 7.97248636342078E+50
125 2.05250732239356E+51
126 5.28415617969337E+51
127 1.36039984982027E+52
128 3.50233355801074E+52
129 9.01671692568089E+52
130 2.32134326360505E+53
131 5.97627117708095E+53
132 1.53858404924321E+54
133 3.96106670270248E+54
134 1.01977200601916E+55
135 2.62539114413513E+55
136 6.75903890185197E+55
137 1.74010668767593E+56
138 4.47988438661735E+56
139 1.1533410140652E+57
140 2.96926299861344E+57
141 7.64433298340743E+57
142 1.96802461716926E+58
143 5.06665643973253E+58
144 1.30440479526156E+59
145 3.35817494266728E+59
146 8.6455822506364E+59
147 2.22579507406928E+60
148 5.7302834767277E+60
149 1.47525480248396E+61
150 3.79802629501807E+61
151 9.77797443083116E+61
152 2.51732812106645E+62
153 6.48083190842737E+62
154 1.66848262146685E+63
155 4.29548906293482E+63
156 1.10586865289437E+64
157 2.84704595806582E+64
158 7.32968663694741E+64
159 1.88701928199093E+65
160 4.85810914842663E+65
161 1.25071453817506E+66
162 3.21995000155373E+66
163 8.28972375073998E+66
164 2.13417971802125E+67
165 5.49442081035169E+67
166 1.41453223392147E+68
167 3.64169674997072E+68
168 9.37550583911511E+68
169 2.41371305120308E+69
170 6.21407611868949E+69
171 1.59980665430057E+70
172 4.11868358587815E+70
173 1.06035028889151E+71
174 2.72985946045333E+71
175 7.02799136464331E+71
176 1.80934818575962E+72
177 4.65814581642967E+72
178 1.19923421140811E+73
179 3.08741450029121E+73
180 7.94851264743054E+73
181 2.04633531715304E+74
182 5.26826642413597E+74
183 1.35630905077137E+75
184 3.49180184353732E+75
185 8.98960314951548E+75
186 2.31436285353209E+76
187 5.95830019270431E+76
188 1.53395744026048E+77
189 3.94915555179916E+77
190 1.01670549410147E+78
191 2.61749644494297E+78
192 6.73871409079385E+78
193 1.73487408875743E+79
194 4.46641312168717E+79
195 1.14987285260957E+80
196 2.96033425736709E+80
197 7.62134604313245E+80
198 1.96210665618656E+81
199 5.05142071815594E+81
200 1.30048237649878E+82
201 3.34807672127797E+82
202 8.61958449736336E+82
203 2.21910198278937E+83
204 5.71305219123502E+83
205 1.4708186281168E+84
206 3.78660541581306E+84
207 9.7485715104273E+84
208 2.50975837347734E+85
209 6.46134368148402E+85
210 1.66346540015365E+86
211 4.28257228513932E+86
212 1.10254324350532E+87
213 2.83848473035109E+87
214 7.30764585597626E+87
215 1.88134490861821E+88
216 4.84350054031306E+88
217 1.24695356904244E+89
218 3.21026743035559E+89
219 8.26479608403996E+89
220 2.12776211928232E+90
221 5.47789877719493E+90
222 1.41027865574156E+91
223 3.63074596252166E+91
224 9.34731316445805E+91
225 2.40645487997089E+92
226 6.1953900414458E+92
227 1.59499594549265E+93
228 4.1062984721206E+93
229 1.05716175578937E+94
230 2.72165061914399E+94
231 7.00685779836581E+94
232 1.80390737375248E+95
233 4.64413850932952E+95
234 1.19562804652058E+96
235 3.07813047081783E+96
236 7.92461102175595E+96
237 2.04018187148027E+97
238 5.25242444996919E+97
239 1.35223055298586E+98
240 3.4813017985231E+98
241 8.96257090600356E+98
242 2.30740343394581E+99
243 5.94038324809091E+99
244 1.52934474375182E+100
245 3.93728021839821E+100
246 1.013648203358E+101
247 2.60962548555639E+101
248 6.71845039758832E+101
249 1.72965722455888E+102
250 4.45298236561016E+102
251 1.14641512011099E+103
252 2.95143236534907E+103
253 7.59842822588291E+103
254 1.9562064908462E+104
255 5.03623081125313E+104
256 1.29657175267037E+105
257 3.33800886580973E+105
258 8.59366492080042E+105
259 2.2124290180123E+106
260 5.69587272118933E+106
261 1.46639579357603E+107
262 3.77521887983574E+107
263 9.71925700626285E+107
264 2.50221138854603E+108
265 6.44191405673786E+108
266 1.65846326590783E+109
267 4.26969434882291E+109
268 1.0992278338098E+110
269 2.82994924673079E+110
270 7.28567135287617E+110
271 1.87568759840625E+111
272 4.82893586110788E+111
273 1.24320390935601E+112
274 3.20061397519487E+112
275 8.23994337623916E+112
276 2.12136381862464E+113
277 5.46142642672341E+113
278 1.4060378683111E+114
279 3.61982810470776E+114
280 9.31920526676295E+114
281 2.39921853446888E+115
282 6.17676015428991E+115
283 1.59019970275736E+116
284 4.0939506010984E+116
285 1.05398281078608E+117
286 2.71346646228322E+117
287 6.98578778191344E+117
288 1.7984829225738E+118
289 4.63017332299156E+118
290 1.19203272557418E+119
291 3.06887435894461E+119
292 7.90078126961757E+119
293 2.03404692956552E+120
294 5.23663011351206E+120
295 1.34816431947315E+121
296 3.47083332773624E+121
297 8.93561994997198E+121
298 2.30046494172667E+122
299 5.92252018073997E+122
300 1.52474591788158E+123
301 3.92544059479435E+123
302 1.01060010606017E+124
303 2.60177819458846E+124
304 6.69824763845113E+124
305 1.72445604776517E+125
306 4.43959199657379E+125
307 1.14296778520894E+126
308 2.94255724182225E+126
309 7.57557932380196E+126
310 1.95032406763567E+127
311 5.02108658125694E+127
312 1.29267288830825E+128
313 3.32797128495042E+128
314 8.56782328586558E+128
315 2.20577611921655E+129
316 5.67874491077866E+129
317 1.46198625874817E+130
318 3.76386658381419E+130
319 9.69003065246492E+130
320 2.49468709782383E+131
321 6.42254285796876E+131
322 1.6534761733617E+132
323 4.25685513718707E+132
324 1.09592239373818E+133
325 2.82143942979089E+133
326 7.26376292834564E+133
327 1.87004730004496E+134
328 4.81441497871396E+134
329 1.23946552510774E+135
330 3.19098954851826E+135
331 8.21516540193216E+135
332 2.11498475801771E+136
333 5.44500360953832E+136
334 1.40180983316746E+137
335 3.60894307750808E+137
336 9.29118189110149E+137
337 2.39200394906586E+138
338 6.15818628825525E+138
339 1.58541788259433E+139
340 4.08163986082043E+139
341 1.05081342504959E+140
342 2.70530691564371E+140
343 6.96478112418888E+140
344 1.7930747830257E+141
345 4.61625013075616E+141
346 1.18844821596055E+142
347 3.05964608072148E+142
348 7.87702317488697E+142
349 2.02793043576711E+143
350 5.22088327151531E+143
351 1.3441103133539E+144
352 3.46039633623116E+144
353 8.90875003698446E+144
354 2.2935473139447E+145
355 5.90471082864003E+145
356 1.52016092094011E+146
357 3.9136365736063E+146
358 1.00756117456274E+147
359 2.59395450086684E+147
360 6.67810563014933E+147
361 1.71927051120322E+148
362 4.42624189313232E+148
363 1.13953081663737E+149
364 2.93370880629234E+149
365 7.55279912965759E+149
366 1.94445933320334E+150
367 5.00598789081391E+150
368 1.28878574805117E+151
369 3.31796388766287E+151
370 8.5420593581842E+151
371 2.1991432260625E+152
372 5.66166860465941E+152
373 1.45758998364007E+153
374 3.75254842478661E+153
375 9.66089218396123E+153
376 2.48718543306821E+154
377 6.4032299094867E+154
378 1.64850407728399E+155
379 4.24405453378439E+155
380 1.09262689331116E+156
381 2.81295520235048E+156
382 7.2419203836833E+156
383 1.86442396237895E+157
384 4.79993776143237E+157
385 1.2357383823916E+158
386 3.18139406303512E+158
387 8.19046193639044E+158
388 2.10862487960581E+159
389 5.42863017669074E+159
390 1.39759451196396E+160
391 3.59809078219869E+160
392 9.2632427833101E+160
393 2.38481105832777E+161
394 6.13966827488261E+161
395 1.58065044163423E+162
396 4.0693661396328E+162
397 1.04765356983476E+163
398 2.69717190522083E+163
399 6.94383763466808E+163
400 1.78768290605804E+164
401 4.60236880634507E+164
402 1.18487448516949E+165
403 3.05044555245144E+165
404 7.85333652208672E+165
405 2.02183233461029E+166
406 5.20518378115996E+166
407 1.34006849785955E+167
408 3.44999072934818E+167
409 8.88196092334074E+167
410 2.28665048785962E+168
411 5.88695503026562E+168
412 1.51558971134286E+169
413 3.90186804777526E+169
414 1.00453138130372E+170
415 2.58615433343349E+170
416 6.65802419000249E+170
417 1.71410056784208E+171
418 4.41293193420433E+171
419 1.13610418322401E+172
420 2.92488697850679E+172
421 7.53008743684181E+172
422 1.93861223435821E+173
423 4.9909346029846E+173
424 1.28491029664393E+174
425 3.30798658318301E+174
426 8.51637290408547E+174
427 2.19253027839226E+175
428 5.64464364795576E+175
429 1.45320692837916E+176
430 3.74126430010136E+176
431 9.63184133647462E+176
432 2.47970632624131E+177
433 6.38397503612925E+177
434 1.64354693257961E+178
435 4.23129242251808E+178
436 1.08934130263979E+179
437 2.80449648746017E+179
438 7.22014352078385E+179
439 1.85881753440625E+180
440 4.78550407795911E+180
441 1.23202244740383E+181
442 3.17182743171802E+181
443 8.16583275556287E+181
444 2.10228412570674E+182
445 5.41230597967858E+182
446 1.3933918664689E+183
447 3.58727112035337E+183
448 9.2353876899916E+183
449 2.37763979701781E+184
450 6.12120594622025E+184
451 1.57589733663781E+185
452 4.05712932621655E+185
453 1.04450321648265E+186
454 2.6890613572331E+186
455 6.92295712340147E+186
456 1.78230724276852E+187
457 4.58852922385887E+187
458 1.18131150078834E+188
459 3.04127269068847E+188
460 7.82972109638737E+188
461 2.01575257078758E+189
462 5.18953150005756E+189
463 1.33603883633226E+190
464 3.43961641271158E+190
465 8.85525236607164E+190
466 2.2797744009193E+191
467 5.86925262457834E+191
468 1.51103224763068E+192
469 3.89013491056513E+192
470 1.0015106988038E+193
471 2.57837762154324E+193
472 6.63800313587801E+193
473 1.7089461707922E+194
474 4.39966199907352E+194
475 1.13268785389059E+195
476 2.91609167845477E+195
477 7.5074440393664E+195
478 1.93278271806887E+196
479 4.97592658124023E+196
480 1.28104649893764E+197
481 3.29803928102043E+197
482 8.49076369060292E+197
483 2.18593721622839E+198
484 5.62766988625648E+198
485 1.44883705321247E+199
486 3.73001410741546E+199
487 9.60287784652487E+199
488 2.47224970951046E+200
489 6.36477806326196E+200
490 1.63860469428875E+201
491 4.21856868763965E+201
492 1.08606559192475E+202
493 2.79606320840261E+202
494 7.19843214213934E+202
495 1.85322796527866E+203
496 4.77111379738584E+203
497 1.228317686442E+204
498 3.16228956780047E+204
499 8.1412776360702E+204
500 2.09596243881227E+205
501 5.39603087044752E+205
502 1.38920185856587E+206
503 3.57648399384102E+206
504 9.20761635850867E+206
505 2.3704901000948E+207
506 6.10279913482144E+207
507 1.57115852449617E+208
508 4.0449293095884E+208
509 1.0413623364207E+209
510 2.68097519812031E+209
511 6.90213940100911E+209
512 1.7769477444015E+210
513 4.57473125777775E+210
514 1.17775923050217E+211
515 3.03212741223816E+211
516 7.8061766836041E+211
517 2.00969108915735E+212
518 5.17392628624662E+212
519 1.33202129222447E+213
520 3.42927329223021E+213
521 8.8286241229406E+213
522 2.27291899076009E+214
523 5.85160345102271E+214
524 1.50648848846875E+215
525 3.8784370555599E+215
526 9.98499099666513E+215
527 2.57062429466425E+216
528 6.61804228619246E+216
529 1.70380727330477E+217
530 4.38643196738557E+217
531 1.12928179765202E+218
532 2.90732282636606E+218
533 7.48486873186428E+218
534 1.92697073146379E+219
535 4.96096368946341E+219
536 1.27719431988883E+220
537 3.2881218909561E+220
538 8.4652314854687E+220
539 2.17936397977429E+221
540 5.61074716561595E+221
541 1.44448031850686E+222
542 3.71879774469326E+222
543 9.57400145142183E+222
544 2.46481551524653E+223
545 6.34563881677405E+223
546 1.63367731758707E+224
547 4.20588321374962E+224
548 1.08279973145651E+225
549 2.78765528869065E+225
550 7.17678605083412E+225
551 1.84765520430058E+226
552 4.75676678919786E+226
553 1.22462406590525E+227
554 3.15278038477766E+227
555 8.11679635520629E+227
556 2.08965976158671E+228
557 5.37980470138721E+228
558 1.38502445025269E+229
559 3.56572930482649E+229
560 9.17992853698529E+229
561 2.36336190271367E+230
562 6.08444767374195E+230
563 1.56643396222983E+231
564 4.03276597909786E+231
565 1.03823090116218E+232
566 2.67291335454402E+232
567 6.88138427868171E+232
568 1.77160436234834E+233
569 4.56097478295832E+233
570 1.17421764209304E+234
571 3.0230096341556E+234
572 7.78270307019753E+234
573 2.00364783474426E+235
574 5.15836799819345E+235
575 1.32801582909831E+236
576 3.41896127409509E+236
577 8.80207595243798E+236
578 2.26608419520587E+237
579 5.83400734952704E+237
580 1.50195839264689E+238
581 3.86677437666421E+238
582 9.95496556577632E+238
583 2.56289428247618E+239
584 6.59814145990732E+239
585 1.69868382877192E+240
586 4.37324171914882E+240
587 1.12588598361667E+241
588 2.8985803427098E+241
589 7.46236130958464E+241
590 1.92117622183E+242
591 4.94604579194578E+242
592 1.27335372455968E+243
593 3.27823432304285E+243
594 8.43977605711532E+243
595 2.17281050941269E+244
596 5.59387533255049E+244
597 1.44013668474806E+245
598 3.70761511020574E+245
599 9.54521188926749E+245
600 2.45740367602362E+246
601 6.32655712307978E+246
602 1.62876475778505E+247
603 4.19323588579479E+247
604 1.0795436916149E+248
605 2.77927265206699E+248
606 7.15520505054628E+248
607 1.84209920092875E+249
608 4.7424629232724E+249
609 1.22094155229378E+250
610 3.14329979640434E+250
611 8.09238869093466E+250
612 2.08337603686668E+251
613 5.36362732533241E+251
614 1.38085960364198E+252
615 3.55500695576819E+252
616 9.1523239743028E+252
617 2.35625514022396E+253
618 6.06615139654095E+253
619 1.56172360698842E+254
620 4.02063922442812E+254
621 1.03510888230609E+255
622 2.66487575338589E+255
623 6.86069156817772E+255
624 1.76627704814608E+256
625 4.54725967463453E+256
626 1.17068670343979E+257
627 3.01391927374598E+257
628 7.75930004327038E+257
629 1.9976227527379E+258
630 5.14285649478994E+258
631 1.32402241062546E+259
632 3.40868026478009E+259
633 8.77560761377986E+259
634 2.25926995226723E+260
635 5.81646416050097E+260
636 1.49744191907858E+261
637 3.85514676810172E+261
638 9.92503042304992E+261
639 2.55518751487073E+262
640 6.5783004765281E+262
641 1.69357579072564E+263
642 4.36009113473245E+263
643 1.12250038098557E+264
644 2.88986414819498E+264
645 7.43992156839193E+264
646 1.9153991366135E+265
647 4.93117275338735E+265
648 1.26952467811722E+266
649 3.26837648760396E+266
650 8.41439717466924E+266
651 2.16627674570608E+267
652 5.57705423403768E+267
653 1.43580611254096E+268
654 3.69646610253102E+268
655 9.51650889894973E+268
656 2.45001412461942E+269
657 6.30753280911358E+269
658 1.62386697032732E+270
659 4.18062658906771E+270
660 1.07629744286867E+271
661 2.77091522250459E+271
662 7.13368894554306E+271
663 1.83655990477252E+272
664 4.7282020698777E+272
665 1.21727011220837E+273
666 3.13384771669442E+273
667 8.06805442188563E+273
668 2.0771112076614E+274
669 5.34749859555951E+274
670 1.37670728095985E+275
671 3.54431684941763E+275
672 9.12480242009668E+275
673 2.34916974816948E+276
674 6.04791013727705E+276
675 1.55702741605097E+277
676 4.00854893559339E+277
677 1.03199625153672E+278
678 2.65686232174732E+278
679 6.84006108182089E+278
680 1.76096575347818E+279
681 4.53358580841474E+279
682 1.16716638251829E+280
683 3.00485624856228E+280
684 7.73596739056468E+280
685 1.99161578849261E+281
686 5.12739163535171E+281
687 1.32004100058726E+282
688 3.39843017103976E+282
689 8.7492188669094E+282
690 2.25247620014105E+283
691 5.79897372483341E+283
692 1.49293902680076E+284
693 3.84355412441376E+284
694 9.8951852969866E+284
695 2.54750392194998E+285
696 6.5585191561053E+285
697 1.68848311283757E+286
698 4.34698009486486E+286
699 1.11912495905234E+287
700 2.88117416376849E+287
701 7.417549304767E+287
702 1.90963942341795E+288
703 4.91634443889442E+288
704 1.26570714583316E+289
705 3.25854829523204E+289
706 8.38909460795452E+289
707 2.15976262939531E+290
708 5.56028371751712E+290
709 1.43148856260848E+291
710 3.68535062055097E+291
711 9.48789222014107E+291
712 2.44264679401292E+292
713 6.28856570233279E+292
714 1.61898391079261E+293
715 4.16805520920729E+293
716 1.07306095577533E+294
717 2.76258292420408E+294
718 7.11223754067987E+294
719 1.83103726559214E+295
720 4.71398409967374E+295
721 1.21360971235029E+296
722 3.12442405992146E+296
723 8.04379332735469E+296
724 2.07086521715076E+297
725 5.33141836578578E+297
726 1.37256744454614E+298
727 3.53365888882E+298
728 9.09736362475573E+298
729 2.34210566228865E+299
730 6.02972373050752E+299
731 1.55234534682444E+300
732 3.99649500293838E+300
733 1.02889298062357E+301
734 2.64887298694979E+301
735 6.8194926324997E+301
736 1.7556704301728E+302
737 4.5199530602811E+302
738 1.16365664740028E+303
739 2.99582047640664E+303
740 7.71270490046117E+303
741 1.98562688752771E+304
742 5.11197327961716E+304
743 1.31607156287352E+305
744 3.38821089990883E+305
745 8.72290947248859E+305
746 2.2457028772108E+306
747 5.78153588389203E+306
748 1.48844967497406E+307
749 3.83199634045853E+307
750 9.86542991690004E+307
751 Infinity
752 Infinity
753 Infinity
754 Infinity
755 Infinity
756 Infinity
757 Infinity
758 Infinity
759 Infinity
760 Infinity
761 Infinity
762 Infinity
763 Infinity
764 Infinity
765 Infinity
766 Infinity
767 Infinity
768 Infinity
769 Infinity
770 Infinity
771 Infinity
772 Infinity
773 Infinity
774 Infinity
775 Infinity
776 Infinity
777 Infinity
778 Infinity
779 Infinity
780 Infinity
781 Infinity
782 Infinity
783 Infinity
784 Infinity
785 Infinity
786 Infinity
787 Infinity
788 Infinity
789 Infinity
790 Infinity
791 Infinity
792 Infinity
793 Infinity
794 Infinity
795 Infinity
796 Infinity
797 Infinity
798 Infinity
799 Infinity
800 Infinity
801 Infinity
802 Infinity
803 Infinity
804 Infinity
805 Infinity
806 Infinity
807 Infinity
808 Infinity
809 Infinity
810 Infinity
811 Infinity
812 Infinity
813 Infinity
814 Infinity
815 Infinity
816 Infinity
817 Infinity
818 Infinity
819 Infinity
820 Infinity
821 Infinity
822 Infinity
823 Infinity
824 Infinity
825 Infinity
826 Infinity
827 Infinity
828 Infinity
829 Infinity
830 Infinity
831 Infinity
832 Infinity
833 Infinity
834 Infinity
835 Infinity
836 Infinity
837 Infinity
838 Infinity
839 Infinity
840 Infinity
841 Infinity
842 Infinity
843 Infinity
844 Infinity
845 Infinity
846 Infinity
847 Infinity
848 Infinity
849 Infinity
850 Infinity
851 Infinity
852 Infinity
853 Infinity
854 Infinity
855 Infinity
856 Infinity
857 Infinity
858 Infinity
859 Infinity
860 Infinity
861 Infinity
862 Infinity
863 Infinity
864 Infinity
865 Infinity
866 Infinity
867 Infinity
868 Infinity
869 Infinity
870 Infinity
871 Infinity
872 Infinity
873 Infinity
874 Infinity
875 Infinity
876 Infinity
877 Infinity
878 Infinity
879 Infinity
880 Infinity
881 Infinity
882 Infinity
883 Infinity
884 Infinity
885 Infinity
886 Infinity
887 Infinity
888 Infinity
889 Infinity
890 Infinity
891 Infinity
892 Infinity
893 Infinity
894 Infinity
895 Infinity
896 Infinity
897 Infinity
898 Infinity
899 Infinity
900 Infinity
901 Infinity
902 Infinity
903 Infinity
904 Infinity
905 Infinity
906 Infinity
907 Infinity
908 Infinity
909 Infinity
910 Infinity
911 Infinity
912 Infinity
913 Infinity
914 Infinity
915 Infinity
916 Infinity
917 Infinity
918 Infinity
919 Infinity
920 Infinity
921 Infinity
922 Infinity
923 Infinity
924 Infinity
925 Infinity
926 Infinity
927 Infinity
928 Infinity
929 Infinity
930 Infinity
931 Infinity
932 Infinity
933 Infinity
934 Infinity
935 Infinity
936 Infinity
937 Infinity
938 Infinity
939 Infinity
940 Infinity
941 Infinity
942 Infinity
943 Infinity
944 Infinity
945 Infinity
946 Infinity
947 Infinity
948 Infinity
949 Infinity
950 Infinity
951 Infinity
952 Infinity
953 Infinity
954 Infinity
955 Infinity
956 Infinity
957 Infinity
958 Infinity
959 Infinity
960 Infinity
961 Infinity
962 Infinity
963 Infinity
964 Infinity
965 Infinity
966 Infinity
967 Infinity
968 Infinity
969 Infinity
970 Infinity
971 Infinity
972 Infinity
973 Infinity
974 Infinity
975 Infinity
976 Infinity
977 Infinity
978 Infinity
979 Infinity
980 Infinity
981 Infinity
982 Infinity
983 Infinity
984 Infinity
985 Infinity
986 Infinity
987 Infinity
988 Infinity
989 Infinity
990 Infinity
991 Infinity
992 Infinity
993 Infinity
994 Infinity
995 Infinity
996 Infinity
997 Infinity
998 Infinity
999 Infinity
