1 2.31076107371513
2 5.79684499546675
3 14.5421403725838
4 36.4808523914834
5 91.5169677304343
6 229.582228306941
7 575.936909422451
8 1444.81271952641
9 3624.50080964358
10 9092.53216113235
11 22809.8006989702
12 57221.3547014769
13 143547.218017563
14 360106.885062089
15 903375.004127594
16 2266233.80983627
17 5685142.55694375
18 14261920.2628117
19 35777883.7637707
20 89753479.4070939
21 225158288.256192
22 564838879.844603
23 1416971867.45837
24 3554658407.58135
25 8917323402.65398
26 22370266717.5905
27 56118726485.4831
28 140781131584.634
29 353167797123.424
30 885967398621.377
31 2222564565097.12
32 5575592571139.73
33 13987099860916.8
34 35088461006265.4
35 88023972662729.6
36 220819595420426
37 553954704004022
38 1.38966749533226E+15
39 3.48616183529875E+15
40 8.74549083339369E+15
41 2.19392023464163E+16
42 5.50373453893634E+16
43 1.38068346318109E+17
44 3.46362422100056E+17
45 8.68895229371501E+17
46 2.17973680587804E+18
47 5.46815356131732E+18
48 1.37175751171034E+19
49 3.44123230965085E+19
50 8.63277926885195E+19
51 2.16564507126464E+20
52 5.43280261041184E+20
53 1.36288926543545E+21
54 3.4189851592977E+21
55 8.57696939579542E+21
56 2.15164443800983E+22
57 5.39768019912506E+22
58 1.35407835129931E+23
59 3.39688183407878E+23
60 8.52152032681287E+23
61 2.13773431715437E+24
62 5.36278484997605E+24
63 1.34532439865659E+25
64 3.37492140418198E+25
65 8.46642972934971E+25
66 2.12391412354657E+26
67 5.32811509503553E+26
68 1.33662703925811E+27
69 3.35310294580636E+27
70 8.41169528593108E+27
71 2.11018327581763E+28
72 5.29366947586422E+28
73 1.3279859072354E+29
74 3.33142554112322E+29
75 8.35731469406393E+29
76 2.09654119635726E+30
77 5.25944654345153E+30
78 1.31940063908532E+31
79 3.30988827823755E+31
80 8.30328566614095E+31
81 2.08298731128935E+32
82 5.22544485815453E+32
83 1.31087087365464E+33
84 3.28849025114951E+33
85 8.24960592934379E+33
86 2.06952105044787E+34
87 5.19166298963747E+34
88 1.30239625212502E+35
89 3.26723055971657E+35
90 8.1962732255476E+35
91 2.05614184735273E+36
92 5.15809951681131E+36
93 1.29397641799782E+37
94 3.2461083096155E+37
95 8.14328531122614E+37
96 2.04284913918618E+38
97 5.12475302777444E+38
98 1.28561101707911E+39
99 3.22512261230464E+39
100 8.09063995735697E+39
101 2.02964236676897E+40
102 5.09162211975298E+40
103 1.2772996974648E+41
104 3.20427258498677E+41
105 8.03833494932834E+41
106 2.01652097453688E+42
107 5.05870539904163E+42
108 1.26904210952578E+43
109 3.18355735057182E+43
110 7.98636808684569E+43
111 2.00348441051738E+44
112 5.02600148094542E+44
113 1.26083790589327E+45
114 3.16297603763997E+45
115 7.93473718383879E+45
116 1.99053212630628E+46
117 4.99350898972119E+46
118 1.25268674144423E+47
119 3.1425277804051E+47
120 7.88344006837039E+47
121 1.97766357704486E+48
122 4.96122655851982E+48
123 1.24458827328671E+49
124 3.12221171867814E+49
125 7.83247458254447E+49
126 1.96487822139682E+50
127 4.92915282932876E+50
128 1.23654216074559E+51
129 3.10202699783117E+51
130 7.78183858241551E+51
131 1.95217552152547E+52
132 4.89728645291462E+52
133 1.22854806534814E+53
134 3.08197276876136E+53
135 7.73152993789849E+53
136 1.93955494307125E+54
137 4.86562608876688E+54
138 1.22060565080982E+55
139 3.06204818785506E+55
140 7.68154653267889E+55
141 1.92701595512916E+56
142 4.83417040504123E+56
143 1.21271458302016E+57
144 3.04225241695264E+57
145 7.63188626412379E+57
146 1.91455803022633E+58
147 4.80291807850332E+58
148 1.20487453002858E+59
149 3.02258462331305E+59
150 7.58254704319421E+59
151 1.90218064430014E+60
152 4.77186779447381E+60
153 1.19708516203067E+61
154 3.00304397957866E+61
155 7.53352679435568E+61
156 1.8898832766758E+62
157 4.74101824677221E+62
158 1.18934615135403E+63
159 2.98362966374088E+63
160 7.48482345549266E+63
161 1.87766541004462E+64
162 4.71036813766231E+64
163 1.18165717244464E+65
164 2.964340859105E+65
165 7.43643497782031E+65
166 1.8655265304424E+66
167 4.67991617779804E+66
168 1.17401790185326E+67
169 2.94517675425643E+67
170 7.38835932579893E+67
171 1.85346612722746E+68
172 4.64966108616837E+68
173 1.1664280182216E+69
174 2.92613654302608E+69
175 7.34059447704898E+69
176 1.84148369305956E+70
177 4.61960159004386E+70
178 1.15888720226889E+71
179 2.90721942445662E+71
180 7.2931384222645E+71
181 1.82957872387819E+72
182 4.58973642492351E+72
183 1.15139513677861E+73
184 2.88842460276905E+73
185 7.2459891651303E+73
186 1.81775071888155E+74
187 4.56006433448063E+74
188 1.14395150658488E+75
189 2.86975128732875E+75
190 7.19914472223651E+75
191 1.80599918050559E+76
192 4.53058407051107E+76
193 1.13655599855933E+77
194 2.85119869261246E+77
195 7.15260312299573E+77
196 1.79432361440277E+78
197 4.50129439287976E+78
198 1.12920830159805E+79
199 2.83276603817548E+79
200 7.10636240956083E+79
201 1.78272352942163E+80
202 4.47219406946897E+80
203 1.12190810660822E+81
204 2.81445254861834E+81
205 7.06042063674129E+81
206 1.77119843758582E+82
207 4.44328187612684E+82
208 1.11465510649541E+83
209 2.79625745355442E+83
210 7.014775871922E+83
211 1.75974785407367E+84
212 4.414556596615E+84
213 1.10744899615042E+85
214 2.77817998757783E+85
215 6.9694261949826E+85
216 1.748371297198E+86
217 4.38601702255839E+86
218 1.10028947243656E+87
219 2.76021939023059E+87
220 6.92436969821547E+87
221 1.7370682883855E+88
222 4.35766195339362E+88
223 1.09317623417693E+89
224 2.74237490597132E+89
225 6.87960448624607E+89
226 1.7258383521568E+90
227 4.32949019631876E+90
228 1.08610898214164E+91
229 2.72464578414288E+91
230 6.83512867595384E+91
231 1.71468101610659E+92
232 4.30150056624359E+92
233 1.07908741903536E+93
234 2.70703127894104E+93
235 6.79094039639158E+93
236 1.70359581088345E+94
237 4.27369188573897E+94
238 1.07211124948467E+95
239 2.68953064938334E+95
240 6.74703778870831E+95
241 1.69258227017028E+96
242 4.24606298498771E+96
243 1.0651801800257E+97
244 2.67214315927736E+97
245 6.70341900606971E+97
246 1.68163993066477E+98
247 4.21861270173572E+98
248 1.05829391909186E+99
249 2.65486807719041E+99
250 6.66008221358104E+99
251 1.67076833205966E+100
252 4.19133988124234E+100
253 1.05145217700145E+101
254 2.63770467641816E+101
255 6.61702558821049E+101
256 1.65996701702367E+102
257 4.16424337623223E+102
258 1.04465466594549E+103
259 2.62065223495436E+103
260 6.57424731871117E+103
261 1.64923553118199E+104
262 4.13732204684734E+104
263 1.03790109997577E+105
264 2.60371003546066E+105
265 6.53174560554644E+105
266 1.63857342309729E+106
267 4.11057476059824E+106
268 1.03119119499258E+107
269 2.58687736523599E+107
270 6.4895186608129E+107
271 1.62798024425085E+108
272 4.08400039231734E+108
273 1.02452466873291E+109
274 2.57015351618682E+109
275 6.4475647081657E+109
276 1.6174555490234E+110
277 4.05759782411081E+110
278 1.01790124075862E+111
279 2.55353778479755E+111
280 6.40588198274459E+111
281 1.60699889467673E+112
282 4.03136594531195E+112
283 1.01132063244444E+113
284 2.53702947210055E+113
285 6.36446873109749E+113
286 1.59660984133474E+114
287 4.00530365243417E+114
288 1.00478256696653E+115
289 2.52062788364695E+115
290 6.32332321110996E+115
291 1.5862879519651E+116
292 3.97940984912548E+116
293 9.98286769290563E+116
294 2.5043323294773E+117
295 6.28244369192888E+117
296 1.57603279236077E+118
297 3.95368344612098E+118
298 9.91832966160315E+118
299 2.48814212409308E+119
300 6.24182845389122E+119
301 1.56584393112209E+120
302 3.92812336119797E+120
303 9.85420886086075E+120
304 2.472056586427E+121
305 6.20147578845138E+121
306 1.55572093963806E+122
307 3.90272851913018E+122
308 9.79050259333449E+122
309 2.45607503981492E+123
310 6.16138399810895E+123
311 1.54566339206867E+124
312 3.87749785164254E+124
313 9.72720817911675E+124
314 2.44019681196728E+125
315 6.1215513963387E+125
316 1.53567086532695E+126
317 3.85243029736606E+126
318 9.66432295562573E+126
319 2.42442123494062E+127
320 6.08197630751754E+127
321 1.52574293906111E+128
322 3.82752480179401E+128
323 9.60184427749291E+128
324 2.4087476451101E+129
325 6.04265706685541E+129
326 1.51587919563681E+130
327 3.80278031723625E+130
328 9.53976951645123E+130
329 2.39317538314069E+131
330 6.00359202032494E+131
331 1.50607922011992E+132
332 3.77819580277608E+132
333 9.47809606122666E+132
334 2.37770379396003E+133
335 5.96477952459149E+133
336 1.49634260025856E+134
337 3.75377022422616E+134
338 9.41682131742512E+134
339 2.36233222673074E+135
340 5.92621794694541E+135
341 1.48666892646607E+136
342 3.72950255408487E+136
343 9.35594270742553E+136
344 2.347060034823E+137
345 5.88790566523129E+137
346 1.47705779180374E+138
347 3.70539177149388E+138
348 9.29545767027081E+138
349 2.33188657578725E+139
350 5.84984106778112E+139
351 1.46750879196359E+140
352 3.68143686219396E+140
353 9.23536366156014E+140
354 2.31681121132771E+141
355 5.8120225533461E+141
356 1.45802152525167E+142
357 3.65763681848315E+142
358 9.17565815334146E+142
359 2.30183330727466E+143
360 5.774448531029E+143
361 1.44859559257069E+144
362 3.63399063917416E+144
363 9.11633863400714E+144
364 2.28695223355838E+145
365 5.73711742021853E+145
366 1.43923059740358E+146
367 3.61049732955205E+146
368 9.05740260818524E+146
369 2.27216736418246E+147
370 5.70002765052087E+147
371 1.42992614579668E+148
372 3.5871559013332E+148
373 8.99884759663664E+148
374 2.25747807719736E+149
375 5.66317766169493E+149
376 1.4206818463432E+150
377 3.56396537262253E+150
378 8.94067113615016E+150
379 2.24288375467475E+151
380 5.62656590358641E+151
381 1.41149731016668E+152
382 3.54092476787298E+152
383 8.88287077943851E+152
384 2.22838378268074E+153
385 5.59019083606256E+153
386 1.40237215090491E+154
387 3.51803311784429E+154
388 8.82544409503732E+154
389 2.21397755125058E+155
390 5.55405092894707E+155
391 1.39330598469325E+156
392 3.49528945956202E+156
393 8.76838866719982E+156
394 2.19966445436288E+157
395 5.518144661957E+157
396 1.38429843014878E+158
397 3.47269283627783E+158
398 8.71170209579727E+158
399 2.18544388991398E+159
400 5.48247052463691E+159
401 1.37534910835416E+160
402 3.45024229742807E+160
403 8.65538199621746E+160
404 2.17131525969309E+161
405 5.44702701629657E+161
406 1.36645764284164E+162
407 3.42793689859454E+162
408 8.59942599926442E+162
409 2.15727796935644E+163
410 5.41181264594755E+163
411 1.3576236595775E+164
412 3.40577570146462E+164
413 8.54383175105824E+164
414 2.14333142840274E+165
415 5.37682593224016E+165
416 1.34884678694589E+166
417 3.38375777379173E+166
418 8.48859691293804E+166
419 2.12947505014821E+167
420 5.34206540340239E+167
421 1.34012665573349E+168
422 3.361882189356E+168
423 8.43371916136064E+168
424 2.11570825170179E+169
425 5.30752959717611E+169
426 1.33146289911389E+170
427 3.340148027926E+170
428 8.37919618780474E+170
429 2.1020304539411E+171
430 5.27321706075686E+171
431 1.32285515263209E+172
432 3.31855437521893E+172
433 8.3250256986734E+172
434 2.08844108148737E+173
435 5.23912635073234E+173
436 1.31430305418949E+174
437 3.2971003228629E+174
438 8.27120541519699E+174
439 2.07493956268168E+175
440 5.20525603302178E+175
441 1.30580624402816E+176
442 3.27578496835855E+176
443 8.21773307333928E+176
444 2.06152532956084E+177
445 5.17160468281524E+177
446 1.29736436471607E+178
447 3.25460741504085E+178
448 8.16460642369936E+178
449 2.04819781783347E+179
450 5.13817088451489E+179
451 1.28897706113193E+180
452 3.2335667720422E+180
453 8.11182323141889E+180
454 2.03495646685612E+181
455 5.10495323167371E+181
456 1.28064398045017E+182
457 3.21266215425376E+182
458 8.05938127608759E+182
459 2.02180071961022E+183
460 5.07195032693747E+183
461 1.27236477212646E+184
462 3.19189268228902E+184
463 8.00727835164946E+184
464 2.00873002267788E+185
465 5.03916078198566E+185
466 1.26413908788244E+186
467 3.17125748244658E+186
468 7.9555122663117E+186
469 1.99574382621912E+187
470 5.0065832174728E+187
471 1.25596658169141E+188
472 3.15075568667342E+188
473 7.90408084244986E+188
474 1.98284158394862E+189
475 4.9742162629716E+189
476 1.24784690976371E+190
477 3.13038643252821E+190
478 7.85298191651799E+190
479 1.97002275311258E+191
480 4.94205855691354E+191
481 1.23977973053221E+192
482 3.11014886314572E+192
483 7.80221333895723E+192
484 1.95728679446642E+193
485 4.91010874653276E+193
486 1.23176470463791E+194
487 3.09004212719972E+194
488 7.7517729741049E+194
489 1.94463317225133E+195
490 4.87836548780886E+195
491 1.22380149491595E+196
492 3.07006537886789E+196
493 7.70165870010645E+196
494 1.93206135417226E+197
495 4.84682744541011E+197
496 1.21588976638096E+198
497 3.05021777779601E+198
498 7.65186840882354E+198
499 1.91957081137538E+199
500 4.81549329263836E+199
501 1.20802918621332E+200
502 3.03049848906254E+200
503 7.60240000574712E+200
504 1.90716101842581E+201
505 4.78436171137158E+201
506 1.20021942374501E+202
507 3.01090668314406E+202
508 7.55325140990891E+202
509 1.89483145328546E+203
510 4.75343139200951E+203
511 1.19246015044569E+204
512 2.99144153587944E+204
513 7.50442055379382E+204
514 1.88258159729148E+205
515 4.72270103341828E+205
516 1.18475103990914E+206
517 2.97210222843581E+206
518 7.45590538325258E+206
519 1.87041093513377E+207
520 4.69216934287546E+207
521 1.17709176783908E+208
522 2.95288794727397E+208
523 7.407703857417E+208
524 1.85831895483377E+209
525 4.6618350360167E+209
526 1.16948201203588E+210
527 2.93379788411396E+210
528 7.35981394861161E+210
529 1.84630514772278E+211
530 4.63169683678009E+211
531 1.16192145238285E+212
532 2.91483123590178E+212
533 7.31223364227002E+212
534 1.8343690084205E+213
535 4.6017534773536E+213
536 1.15440977083285E+214
537 2.89598720477455E+214
538 7.26496093684979E+214
539 1.82251003481416E+215
540 4.57200369812145E+215
541 1.14694665139479E+216
542 2.87726499802767E+216
543 7.21799384374776E+216
544 1.81072772803677E+217
545 4.54244624761109E+217
546 1.13953178012061E+218
547 2.85866382808126E+218
548 7.17133038721813E+218
549 1.79902159244656E+219
550 4.51307988244038E+219
551 1.13216484509173E+220
552 2.84018291244689E+220
553 7.1249686042868E+220
554 1.78739113560602E+221
555 4.48390336726624E+221
556 1.1248455364061E+222
557 2.82182147369533E+222
558 7.07890654467045E+222
559 1.77583586826119E+223
560 4.4549154747314E+223
561 1.11757354616514E+224
562 2.80357873942281E+224
563 7.03314227069415E+224
564 1.7643553043211E+225
565 4.42611498541234E+225
566 1.11034856846094E+226
567 2.78545394221925E+226
568 6.98767385720977E+226
569 1.75294896083726E+227
570 4.39750068777119E+227
571 1.10317029936308E+228
572 2.76744631963578E+228
573 6.94249939151504E+228
574 1.74161635798322E+229
575 4.36907137810081E+229
576 1.09603843690607E+230
577 2.74955511415266E+230
578 6.89761697327308E+230
579 1.73035701903512E+231
580 4.34082586047634E+231
581 1.08895268107661E+232
582 2.73177957314742E+232
583 6.85302471443169E+232
584 1.71917047035048E+233
585 4.31276294670447E+233
586 1.08191273380092E+234
587 2.71411894886322E+234
588 6.80872073914701E+234
589 1.70805624134907E+235
590 4.28488145627337E+235
591 1.07491829893225E+236
592 2.69657249837706E+236
593 6.76470318369997E+236
594 1.69701386449287E+237
595 4.25718021630312E+237
596 1.06796908223839E+238
597 2.67913948356976E+238
598 6.72097019642098E+238
599 1.68604287526648E+239
600 4.22965806149631E+239
601 1.06106479138932E+240
602 2.6618191710931E+240
603 6.67751993761128E+240
604 1.67514281215749E+241
605 4.20231383408902E+241
606 1.05420513594477E+242
607 2.64461083234013E+242
608 6.63435057946555E+242
609 1.66431321663716E+243
610 4.17514638380216E+243
611 1.0473898273425E+244
612 2.62751374341429E+244
613 6.59146030599498E+244
614 1.65355363314105E+245
615 4.14815456779257E+245
616 1.0406185788854E+246
617 2.61052718509892E+246
618 6.54884731295093E+246
619 1.64286360904989E+247
620 4.12133725060685E+247
621 1.03389110572999E+248
622 2.59365044282699E+248
623 6.50650980774902E+248
624 1.63224269467056E+249
625 4.09469330413075E+249
626 1.02720712487423E+250
627 2.57688280665109E+250
628 6.46444600939367E+250
629 1.62169044321694E+251
630 4.06822160754362E+251
631 1.02056635514567E+252
632 2.56022357121349E+252
633 6.42265414840327E+252
634 1.6112064107919E+253
635 4.04192104727077E+253
636 1.0139685171896E+254
637 2.54367203571655E+254
638 6.38113246673494E+254
639 1.6007901563675E+255
640 4.01579051693666E+255
641 1.00741333345732E+256
642 2.5272275038932E+256
643 6.3398792177135E+256
644 1.59044124176716E+257
645 3.9898289173183E+257
646 1.00090052819441E+258
647 2.51088928397734E+258
648 6.29889266595368E+258
649 1.58015923164707E+259
650 3.96403515629906E+259
651 9.94429827429222E+259
652 2.49465668867593E+260
653 6.25817108728994E+260
654 1.56994369347787E+261
655 3.93840814882272E+261
656 9.88000958961148E+261
657 2.47852903513835E+262
658 6.2177127687033E+262
659 1.55979419752644E+263
660 3.91294681684781E+263
661 9.81613652349678E+263
662 2.46250564492879E+264
663 6.17751600824923E+264
664 1.54971031683784E+265
665 3.88765008930226E+265
666 9.75267638902329E+265
667 2.44658584399744E+266
668 6.13757911498605E+266
669 1.53969162721732E+267
670 3.86251690203793E+267
671 9.68962651663791E+267
672 2.43076896265218E+268
673 6.09790040890383E+268
674 1.52973770721254E+269
675 3.83754619778756E+269
676 9.62698425404591E+269
677 2.41505433553033E+270
678 6.0584782208537E+270
679 1.51984813809558E+271
680 3.8127369261177E+271
681 9.56474696609931E+271
682 2.39944130157072E+272
683 6.01931089247763E+272
684 1.5100225038461E+273
685 3.78808804338625E+273
686 9.50291203468605E+273
687 2.38392920398585E+274
688 5.98039677613868E+274
689 1.50026039113275E+275
690 3.76359851269816E+275
691 9.44147685861984E+275
692 2.36851739023426E+276
693 5.94173423485099E+276
694 1.49056138929647E+277
695 3.73926730386173E+277
696 9.38043885353074E+277
697 2.35320521199313E+278
698 5.90332164221367E+278
699 1.48092509033309E+279
700 3.71509339334537E+279
701 9.31979545175648E+279
702 2.33799202513066E+280
703 5.86515738233826E+280
704 1.47135108887613E+281
705 3.69107576423447E+281
706 9.25954410223437E+281
707 2.32287718968012E+282
708 5.82723984978353E+282
709 1.46183898217974E+283
710 3.66721340618866E+283
711 9.19968227039301E+283
712 2.30786006981125E+284
713 5.7895674494872E+284
714 1.45238837010179E+285
715 3.64350531539931E+285
716 9.14020743804985E+285
717 2.29294003380465E+286
718 5.7521385966989E+286
719 1.44299885508702E+287
720 3.61995049454686E+287
721 9.08111710329891E+287
722 2.27811645402491E+288
723 5.71495171691346E+288
724 1.43367004215031E+289
725 3.59654795276054E+289
726 9.02240878040981E+289
727 2.26338870689419E+290
728 5.67800524580472E+290
729 1.42440153886007E+291
730 3.57329670557421E+291
731 8.9640799997221E+291
732 2.24875617286601E+292
733 5.64129762915966E+292
734 1.41519295532158E+293
735 3.5501957748866E+293
736 8.90612830754139E+293
737 2.23421823639919E+294
738 5.60482732281311E+294
739 1.4060439041612E+295
740 3.52724418891973E+295
741 8.84855126603612E+295
742 2.21977428593196E+296
743 5.56859279258207E+296
744 1.39695400050918E+297
745 3.50444098217806E+297
746 8.79134645313502E+297
747 2.20542371385619E+298
748 5.53259251420376E+298
749 1.38792286198402E+299
750 3.48178519540787E+299
751 8.73451146242522E+299
752 2.19116591649188E+300
753 5.49682497326767E+300
754 1.37895010867629E+301
755 3.45927587555687E+301
756 8.67804390305102E+301
757 2.17700029406152E+302
758 5.46128866515441E+302
759 1.37003536313262E+303
760 3.43691207573418E+303
761 8.6219413996133E+303
762 2.1629262506658E+304
763 5.42598209497176E+304
764 1.36117825033985E+305
765 3.4146928551704E+305
766 8.56620159206866E+305
767 2.14894319425711E+306
768 5.39090377749181E+306
769 1.35237839770922E+307
770 3.39261727917815E+307
771 8.51082213563399E+307
772 Infinity
773 Infinity
774 Infinity
775 Infinity
776 Infinity
777 Infinity
778 Infinity
779 Infinity
780 Infinity
781 Infinity
782 Infinity
783 Infinity
784 Infinity
785 Infinity
786 Infinity
787 Infinity
788 Infinity
789 Infinity
790 Infinity
791 Infinity
792 Infinity
793 Infinity
794 Infinity
795 Infinity
796 Infinity
797 Infinity
798 Infinity
799 Infinity
800 Infinity
801 Infinity
802 Infinity
803 Infinity
804 Infinity
805 Infinity
806 Infinity
807 Infinity
808 Infinity
809 Infinity
810 Infinity
811 Infinity
812 Infinity
813 Infinity
814 Infinity
815 Infinity
816 Infinity
817 Infinity
818 Infinity
819 Infinity
820 Infinity
821 Infinity
822 Infinity
823 Infinity
824 Infinity
825 Infinity
826 Infinity
827 Infinity
828 Infinity
829 Infinity
830 Infinity
831 Infinity
832 Infinity
833 Infinity
834 Infinity
835 Infinity
836 Infinity
837 Infinity
838 Infinity
839 Infinity
840 Infinity
841 Infinity
842 Infinity
843 Infinity
844 Infinity
845 Infinity
846 Infinity
847 Infinity
848 Infinity
849 Infinity
850 Infinity
851 Infinity
852 Infinity
853 Infinity
854 Infinity
855 Infinity
856 Infinity
857 Infinity
858 Infinity
859 Infinity
860 Infinity
861 Infinity
862 Infinity
863 Infinity
864 Infinity
865 Infinity
866 Infinity
867 Infinity
868 Infinity
869 Infinity
870 Infinity
871 Infinity
872 Infinity
873 Infinity
874 Infinity
875 Infinity
876 Infinity
877 Infinity
878 Infinity
879 Infinity
880 Infinity
881 Infinity
882 Infinity
883 Infinity
884 Infinity
885 Infinity
886 Infinity
887 Infinity
888 Infinity
889 Infinity
890 Infinity
891 Infinity
892 Infinity
893 Infinity
894 Infinity
895 Infinity
896 Infinity
897 Infinity
898 Infinity
899 Infinity
900 Infinity
901 Infinity
902 Infinity
903 Infinity
904 Infinity
905 Infinity
906 Infinity
907 Infinity
908 Infinity
909 Infinity
910 Infinity
911 Infinity
912 Infinity
913 Infinity
914 Infinity
915 Infinity
916 Infinity
917 Infinity
918 Infinity
919 Infinity
920 Infinity
921 Infinity
922 Infinity
923 Infinity
924 Infinity
925 Infinity
926 Infinity
927 Infinity
928 Infinity
929 Infinity
930 Infinity
931 Infinity
932 Infinity
933 Infinity
934 Infinity
935 Infinity
936 Infinity
937 Infinity
938 Infinity
939 Infinity
940 Infinity
941 Infinity
942 Infinity
943 Infinity
944 Infinity
945 Infinity
946 Infinity
947 Infinity
948 Infinity
949 Infinity
950 Infinity
951 Infinity
952 Infinity
953 Infinity
954 Infinity
955 Infinity
956 Infinity
957 Infinity
958 Infinity
959 Infinity
960 Infinity
961 Infinity
962 Infinity
963 Infinity
964 Infinity
965 Infinity
966 Infinity
967 Infinity
968 Infinity
969 Infinity
970 Infinity
971 Infinity
972 Infinity
973 Infinity
974 Infinity
975 Infinity
976 Infinity
977 Infinity
978 Infinity
979 Infinity
980 Infinity
981 Infinity
982 Infinity
983 Infinity
984 Infinity
985 Infinity
986 Infinity
987 Infinity
988 Infinity
989 Infinity
990 Infinity
991 Infinity
992 Infinity
993 Infinity
994 Infinity
995 Infinity
996 Infinity
997 Infinity
998 Infinity
999 Infinity
