1 2.52411761035515
2 6.61317377110265
3 17.3264776361378
4 45.3952727792194
5 118.935356278167
6 311.609956433391
7 816.416312078974
8 2139.00609036255
9 5604.18378089132
10 14682.9296052551
11 38469.191986168
12 100789.064025683
13 264066.774025974
14 691853.444801469
15 1812652.08714436
16 4749138.15016367
17 12442714.9199226
18 32599842.2625648
19 85411401.159926
20 223777384.851919
21 586295474.504626
22 1536090805.83398
23 4024549167.39951
24 10544295909.6564
25 27625995262.0327
26 72379950331.1478
27 189635057859.412
28 496842772132.534
29 1301725234810.48
30 3410512705396.43
31 8935523874486.4
32 23411021687496
33 61336743558744.3
34 160701918976932
35 421038112956461
36 1.10311745927182E+15
37 2.89016146401964E+15
38 7.57220658407322E+15
39 1.98391381470209E+16
40 5.19784290149222E+16
41 1.36183188142426E+17
42 3.56799177737963E+17
43 9.34811814666473E+17
44 2.44920163319939E+18
45 6.41689433739861E+18
46 1.68122266371142E+19
47 4.40479380890468E+19
48 1.15405347059344E+20
49 3.02361352373937E+20
50 7.92185022089011E+20
51 2.07552024852055E+21
52 5.43785123664557E+21
53 1.42471392861456E+22
54 3.7327423830749E+22
55 9.77976379577691E+22
56 2.56229254756125E+23
57 6.71319188927956E+23
58 1.75885245364285E+24
59 4.6081834166332E+24
60 1.20734143204291E+25
61 3.16322767940604E+25
62 8.28763851401151E+25
63 2.17135657310078E+26
64 5.68894186151693E+26
65 1.49049952940261E+27
66 3.90510028266839E+27
67 1.02313405115994E+28
68 2.68060539005588E+28
69 7.02317086314358E+28
70 1.84006676834596E+29
71 4.8209644588594E+29
72 1.26308994398487E+30
73 3.30928846335687E+30
74 8.67031693654122E+30
75 2.27161810197166E+31
76 5.95162649644017E+31
77 1.55932275422458E+32
78 4.08541673993976E+32
79 1.07037686032355E+33
80 2.80438128114439E+33
81 7.34746299322631E+33
82 1.92503112183094E+34
83 5.04357058134762E+34
84 1.32141262136276E+35
85 3.46209354609697E+35
86 9.07066538350833E+35
87 2.37650916718678E+36
88 6.22644049023264E+36
89 1.63132386416594E+37
90 4.27405923813433E+37
91 1.11980108746961E+38
92 2.93387247492971E+38
93 7.68672918384147E+38
94 2.01391867065169E+39
95 5.27645545328361E+39
96 1.38242832524501E+40
97 3.62195434294891E+40
98 9.48949976128523E+40
99 2.48624353575138E+41
100 6.51394391123125E+41
101 1.70664959681205E+42
102 4.47141222889069E+42
103 1.1715074587086E+43
104 3.06934287324779E+43
105 8.04166085629707E+43
106 2.10691056679743E+44
107 5.52009369184793E+44
108 1.44626140506272E+45
109 3.78919664871448E+45
110 9.92767365039808E+45
111 2.60104484527731E+46
112 6.814722688706E+46
113 1.78545346529824E+47
114 4.67787791574945E+47
115 1.22560135113917E+48
116 3.21106856349742E+48
117 8.41298135800633E+48
118 2.20419632687855E+49
119 5.77498182948101E+49
120 1.5130419520327E+50
121 3.96416130164105E+50
122 1.03860800451149E+51
123 2.7211470597546E+51
124 7.12938980697899E+51
125 1.86789607116786E+52
126 4.89387707384004E+52
127 1.28219300760578E+53
128 3.35933838130336E+53
129 8.801447436662E+53
130 2.30597421835993E+54
131 6.0416393258122E+54
132 1.58290606428207E+55
133 4.14720487804712E+55
134 1.08656531733603E+56
135 2.84679494636767E+56
136 7.4585865546801E+56
137 1.95414543167698E+57
138 5.11984990741691E+57
139 1.34139776137245E+58
140 3.51445449916097E+58
141 9.20785078248188E+58
142 2.41245166362791E+59
143 6.32060962631303E+59
144 1.6559961242151E+60
145 4.33870041902131E+60
146 1.13673704006631E+61
147 2.97824457432856E+61
148 7.80298383168728E+61
149 2.04437732221175E+62
150 5.35625694699127E+62
151 1.40333627117102E+63
152 3.6767330422608E+63
153 9.63301964166572E+63
154 2.52384566271525E+64
155 6.6124612698341E+64
156 1.73246108868704E+65
157 4.53903819067647E+65
158 1.18922542220175E+66
159 3.11576383674393E+66
160 8.16328351641503E+66
161 2.13877563451707E+67
162 5.60357998788795E+67
163 1.46813476710236E+68
164 3.84650473274862E+68
165 1.00778205043529E+69
166 2.64038323554541E+69
167 6.91778904728261E+69
168 1.81245679257685E+70
169 4.74862647950845E+70
170 1.24413743457188E+71
171 3.25963299657817E+71
172 8.5402198962347E+71
173 2.23753275146643E+72
174 5.8623230721404E+72
175 1.5359253078922E+73
176 4.0241155637341E+73
177 1.05431598705215E+74
178 2.76230188459658E+74
179 7.23721521379948E+74
180 1.8961462663774E+75
181 4.96789242448052E+75
182 1.30158498734183E+76
183 3.4101452578269E+76
184 8.93456116394609E+76
185 2.34084993913604E+77
186 6.13301351572263E+77
187 1.6068460500257E+78
188 4.20992750442191E+78
189 1.10299860974264E+79
190 2.88985007892972E+79
191 7.57139075691028E+79
192 1.98370006844978E+80
193 5.19728288752787E+80
194 1.36168515808437E+81
195 3.5676073630643E+81
196 9.3471109833467E+81
197 2.44893775698338E+82
198 6.41620298321485E+82
199 1.6810415293088E+83
200 4.40431923780089E+83
201 1.15392913323438E+84
202 3.0232877605664E+84
203 7.92099672323121E+84
204 2.07529663261975E+85
205 5.43726536425848E+85
206 1.42456043038263E+86
207 3.73234021858099E+86
208 9.77871012709206E+86
209 2.5620164869656E+87
210 6.71246861209033E+87
211 1.75866295543097E+88
212 4.60768693239688E+88
213 1.2072113534556E+89
214 3.16288687424773E+89
215 8.28674560643665E+89
216 2.17112263182444E+90
217 5.68832893670454E+90
218 1.49033894345069E+91
219 3.90467954838846E+91
220 1.02302381901809E+92
221 2.68031658247168E+92
222 7.02241418891695E+92
223 1.83986852012931E+93
224 4.82044504966018E+93
225 1.26295385907037E+94
226 3.30893192165553E+94
227 8.66938279931324E+94
228 2.27137335854964E+95
229 5.95098527006762E+95
230 1.55915475327998E+96
231 4.08497657842115E+96
232 1.07026153825626E+97
233 2.80407913798453E+97
234 7.34667137986737E+97
235 1.92482371958148E+98
236 5.04302718863463E+98
237 1.32127025278127E+99
238 3.46172054122383E+99
239 9.06968811286421E+99
240 2.37625312283431E+100
241 6.22576965548665E+100
242 1.63114810584432E+101
243 4.27359875233217E+101
244 1.11968044045156E+102
245 2.93355638042915E+102
246 7.68590101804954E+102
247 2.01370169168562E+103
248 5.27588696962762E+103
249 1.38227938285072E+104
250 3.62156411472369E+104
251 9.48847736555644E+104
252 2.48597566865238E+105
253 6.51324210095684E+105
254 1.70646572291965E+106
255 4.47093048033925E+106
256 1.17138124086233E+107
257 3.06901218320904E+107
258 8.04079445027793E+107
259 2.10668356891356E+108
260 5.51949895868451E+108
261 1.44610558531244E+109
262 3.78878840185567E+109
263 9.92660404595188E+109
264 2.60076460952125E+110
265 6.81398847262032E+110
266 1.7852611011017E+111
267 4.67737392264966E+111
268 1.22546930523388E+112
269 3.21072260397724E+112
270 8.412074946033E+112
271 2.20395884745743E+113
272 5.77435963474965E+113
273 1.51287893736719E+114
274 3.96373420414546E+114
275 1.03849610521073E+115
276 2.72085388422362E+115
277 7.12862168875686E+115
278 1.86769482463085E+116
279 4.89334980905875E+116
280 1.28205486453317E+117
281 3.35897644723955E+117
282 8.8004991714748E+117
283 2.3057257734207E+118
284 6.0409884014858E+118
285 1.58273552247904E+119
286 4.14675805949406E+119
287 1.08644825112944E+120
288 2.84648823357278E+120
289 7.45778296890318E+120
290 1.9539348926609E+121
291 5.1192982963934E+121
292 1.34125323959825E+122
293 3.51407585293531E+122
294 9.20685873152576E+122
295 2.41219174684211E+123
296 6.31992864581358E+123
297 1.65581770771193E+124
298 4.33823296879871E+124
299 1.13661456837405E+125
300 2.97792369919205E+125
301 7.80214314065593E+125
302 2.04415706164008E+126
303 5.35567986554713E+126
304 1.40318507616119E+127
305 3.67633691219579E+127
306 9.63198178315002E+127
307 2.52357374437499E+128
308 6.61174884533027E+128
309 1.73227443387257E+129
310 4.53854915612493E+129
311 1.18909729542765E+130
312 3.11542814532522E+130
313 8.16240400680862E+130
314 2.13854520350089E+131
315 5.60297625993709E+131
316 1.4679765907229E+132
317 3.8460903115347E+132
318 1.00767347231317E+133
319 2.64009876148359E+133
320 6.91704372685977E+133
321 1.81226151905038E+134
322 4.74811486398051E+134
323 1.24400339159479E+135
324 3.2592818047411E+135
325 8.53929977562092E+135
326 2.23729168038944E+136
327 5.86169146729077E+136
328 1.53575982778118E+137
329 4.02368200678505E+137
330 1.05420239537829E+138
331 2.76200427505759E+138
332 7.23643547850162E+138
333 1.89594197617327E+139
334 4.96735718530843E+139
335 1.30144475498346E+140
336 3.40977784984609E+140
337 8.93359855712777E+140
338 2.34059773669752E+141
339 6.13235274676949E+141
340 1.60667292893615E+142
341 4.20947392815263E+142
342 1.10287977301831E+143
343 2.88953872738835E+143
344 7.57057501764419E+143
345 1.98348634522635E+144
346 5.19672293389921E+144
347 1.36153845055244E+145
348 3.56722299016565E+145
349 9.34610392854047E+145
350 2.44867390919732E+146
351 6.41551170351728E+146
352 1.68086041442148E+147
353 4.40384471782722E+147
354 1.15380480927142E+148
355 3.02296203249105E+148
356 7.92014331752815E+148
357 2.07507304081128E+149
358 5.43667955499303E+149
359 1.4244069486885E+150
360 3.73193809741614E+150
361 9.77765657192943E+150
362 2.56174045611263E+151
363 6.71174541282699E+151
364 1.75847347763559E+152
365 4.60719050165156E+152
366 1.20708128888287E+153
367 3.16254610580765E+153
368 8.28585279506361E+153
369 2.17088871575286E+154
370 5.68771607792867E+154
371 1.49017837480018E+155
372 3.90425885943825E+155
373 1.02291359875258E+156
374 2.68002780600351E+156
375 7.02165759621436E+156
376 1.83967029327185E+157
377 4.81992569642215E+157
378 1.26281778881756E+158
379 3.30857541836782E+158
380 8.66844876272853E+158
381 2.27112864149619E+159
382 5.95034411278076E+159
383 1.55898677043574E+160
384 4.08453646432558E+160
385 1.07014622861368E+161
386 2.80377702737744E+161
387 7.34587985179629E+161
388 1.92461633967748E+162
389 5.04248385446674E+162
390 1.32112789953853E+163
391 3.46134757653826E+163
392 9.06871094751053E+163
393 2.37599710606794E+164
394 6.22509889301592E+164
395 1.63097236645886E+165
396 4.27313831614273E+165
397 1.11955980643199E+166
398 2.93324031998464E+166
399 7.6850729414836E+166
400 2.01348473609677E+167
401 5.27531854721965E+167
402 1.38213045650344E+168
403 3.62117392854164E+168
404 9.48745507998025E+168
405 2.4857078304134E+169
406 6.51254036629496E+169
407 1.70628186883774E+170
408 4.47044878369106E+170
409 1.17125503661474E+171
410 3.06868152879882E+171
411 8.0399281376051E+171
412 2.10645659548647E+172
413 5.51890428959722E+172
414 1.44594978235011E+173
415 3.78838019898115E+173
416 9.92553455674452E+173
417 2.60048440395778E+174
418 6.81325433563885E+174
419 1.7850687576305E+175
420 4.67686998384972E+175
421 1.22533727355522E+176
422 3.21037668173054E+176
423 8.41116863171574E+176
424 2.20372139362234E+177
425 5.77373750705302E+177
426 1.51271594026489E+178
427 3.96330715266505E+178
428 1.03838421796601E+179
429 2.72056074027935E+179
430 7.12785365329114E+179
431 1.86749359977612E+180
432 4.89282260108452E+180
433 1.28191673634409E+181
434 3.35861455217025E+181
435 8.79955100845377E+181
436 2.30547735524891E+182
437 6.04033754728945E+182
438 1.58256499905017E+183
439 4.14631128908086E+183
440 1.08633119753556E+184
441 2.84618155382294E+184
442 7.45697946970475E+184
443 1.95372437632829E+185
444 5.11874674479999E+185
445 1.34110873339481E+186
446 3.51369724750468E+186
447 9.20586678745316E+186
448 2.41193185805959E+187
449 6.31924773868311E+187
450 1.65563931043134E+188
451 4.33776556893881E+188
452 1.13649210987688E+189
453 2.97760285862637E+189
454 7.80130254020059E+189
455 2.04393682479916E+190
456 5.35510284627788E+190
457 1.4030338974411E+191
458 3.67594082480951E+191
459 9.63094403645315E+191
460 2.52330185533098E+192
461 6.61103649758302E+192
462 1.73208779916818E+193
463 4.53806017426207E+193
464 1.18896918245793E+194
465 3.11509249007362E+194
466 8.16152459196054E+194
467 2.13831479731116E+195
468 5.60237259703185E+195
469 1.46781843138526E+196
470 3.84567593497061E+196
471 1.00756490588925E+197
472 2.63981431807078E+197
473 6.91629848673772E+197
474 1.81206626656251E+198
475 4.747603303574E+198
476 1.24386936305941E+199
477 3.25893065074152E+199
478 8.53837975414089E+199
479 2.23705063528525E+200
480 5.86105993049023E+200
481 1.53559436549883E+201
482 4.0232484965474E+201
483 1.05408881594273E+202
484 2.76170669758312E+202
485 7.23565582721241E+202
486 1.89573770797918E+203
487 4.96682200380297E+203
488 1.30130453773359E+204
489 3.40941048144981E+204
490 8.93263605402016E+204
491 2.34034556143134E+205
492 6.13169204900757E+205
493 1.60649982649853E+206
494 4.20902040075164E+206
495 1.10276094909735E+207
496 2.88922740939197E+207
497 7.56975936626537E+207
498 1.9832726450295E+208
499 5.19616304059993E+208
500 1.36139175882666E+209
501 3.56683865867931E+209
502 9.34509698223347E+209
503 2.44841008983821E+210
504 6.41482049829778E+210
505 1.68067931904753E+211
506 4.4033702489783E+211
507 1.15368049870302E+212
508 3.02263633950962E+212
509 7.91929000377031E+212
510 2.07484947309257E+213
511 5.43609380884233E+213
512 1.42425348353052E+214
513 3.73153601957581E+214
514 9.77660313027593E+214
515 2.56146445499921E+215
516 6.71102229148054E+215
517 1.75828402025454E+216
518 4.60669412439139E+216
519 1.20695123832333E+217
520 3.16220537408193E+217
521 8.28496007988132E+217
522 2.17065482488338E+218
523 5.68710328518169E+218
524 1.49001782344938E+219
525 3.90383821581283E+219
526 1.02280339036222E+220
527 2.67973906064811E+220
528 7.02090108502643E+220
529 1.83947208777135E+221
530 4.8194063991388E+221
531 1.262681733225E+222
532 3.30821895348958E+222
533 8.66751482677762E+222
534 2.27088395080855E+223
535 5.94970302457165E+223
536 1.55881880568988E+224
537 4.08409639764776E+224
538 1.07003093139459E+225
539 2.80347494931957E+225
540 7.34508840900503E+225
541 1.92440898211657E+226
542 5.04194057883722E+226
543 1.32098556163284E+227
544 3.46097465203579E+227
545 9.06773388743686E+227
546 2.37574111688468E+228
547 6.22442820281364E+228
548 1.63079664600754E+229
549 4.2726779295603E+229
550 1.11943918540946E+230
551 2.93292429359239E+230
552 7.68424495413481E+230
553 2.01326780388258E+231
554 5.27475018605393E+231
555 1.38198154620147E+232
556 3.62078378439792E+232
557 9.48643290454452E+232
558 2.48544002103124E+233
559 6.51183870723813E+233
560 1.70609803456415E+234
561 4.46996713894123E+234
562 1.17112884596438E+235
563 3.06835091001303E+235
564 8.0390619182683E+235
565 2.10622964651343E+236
566 5.5183096845797E+236
567 1.44579399617391E+237
568 3.78797204008671E+237
569 9.92446518276387E+237
570 2.60020422858342E+238
571 6.81252027775287E+238
572 1.78487643488233E+239
573 4.67636609934425E+239
574 1.22520525610155E+240
575 3.21003079675376E+240
576 8.41026241504497E+240
577 2.20348396537032E+241
578 5.77311544638424E+241
579 1.51255296072385E+242
580 3.96288014719525E+242
581 1.03827234277593E+243
582 2.72026762791832E+243
583 7.12708570057372E+243
584 1.86729239660119E+244
585 4.89229544991152E+244
586 1.28177862303691E+245
587 3.35825269609161E+245
588 8.79860294758703E+245
589 2.30522896384162E+246
590 6.03968676321626E+246
591 1.58239449399335E+247
592 4.14586456680256E+247
593 1.08621415655299E+248
594 2.84587490711486E+248
595 7.45617605707466E+248
596 1.95351388267664E+249
597 5.11819525263087E+249
598 1.34096424276035E+250
599 3.51331868286487E+250
600 9.2048749502523E+250
601 2.41167199727755E+251
602 6.31856690491301E+251
603 1.65546093237122E+252
604 4.33729821943667E+252
605 1.13636966457328E+253
606 2.97728205262794E+253
607 7.80046203031128E+253
608 2.0437166116866E+254
609 5.3545258891762E+254
610 1.40288273500896E+255
611 3.67554478009776E+255
612 9.62990640156224E+255
613 2.52302999558021E+256
614 6.61032422658389E+256
615 1.73190118457186E+257
616 4.5375712450817E+257
617 1.18884108329105E+258
618 3.11475687098558E+258
619 8.16064527185987E+258
620 2.13808441594532E+259
621 5.60176899916507E+259
622 1.46766028908775E+260
623 3.8452616030511E+260
624 1.00745635116225E+261
625 2.63952990530396E+261
626 6.91555332690722E+261
627 1.81187103511109E+262
628 4.74709179828285E+262
629 1.24373534896429E+263
630 3.25857953457498E+263
631 8.53745983178369E+263
632 2.23680961615131E+264
633 5.86042846173092E+264
634 1.53542892104335E+265
635 4.02281503301601E+265
636 1.05397524874425E+266
637 2.7614091521694E+266
638 7.23487625992258E+266
639 1.895533461793E+267
640 4.96628687995752E+267
641 1.30116433559069E+268
642 3.40904315263367E+268
643 8.93167365461284E+268
644 2.34009341333432E+269
645 6.13103142242901E+269
646 1.606326742711E+270
647 4.20856692221331E+270
648 1.10264213797844E+271
649 2.8889161249369E+271
650 7.56894380276502E+271
651 1.98305896785654E+272
652 5.19560320762337E+272
653 1.36124508290547E+273
654 3.56645436860053E+273
655 9.34409014441456E+273
656 2.44814629890291E+274
657 6.41412936754889E+274
658 1.68049824318463E+275
659 4.4028958312485E+275
660 1.15355620152787E+276
661 3.02231068161808E+276
662 7.91843678194822E+276
663 2.07462592946098E+277
664 5.43550812580004E+277
665 1.42410003490675E+278
666 3.73113398505521E+278
667 9.77554980212047E+278
668 2.56118848362192E+279
669 6.71029924804295E+279
670 1.75809458328557E+280
671 4.60619780061102E+280
672 1.20682120177532E+281
673 3.16186467906655E+281
674 8.28406746088035E+281
675 2.17042095921311E+282
676 5.68649055845681E+282
677 1.48985728939633E+283
678 3.90341761750764E+283
679 1.02269319384562E+284
680 2.67945034640204E+284
681 7.02014465534518E+284
682 1.83927390362534E+285
683 4.81888715780437E+285
684 1.26254569229102E+286
685 3.30786252701694E+286
686 8.66658099144721E+286
687 2.2706392864838E+287
688 5.94906200543352E+287
689 1.55865085904058E+288
690 4.08365637838213E+288
691 1.06991564659759E+289
692 2.80317290380766E+289
693 7.34429705148232E+289
694 1.9242016468963E+290
695 5.04139736174034E+290
696 1.32084323906267E+291
697 3.4606017677117E+291
698 9.06675693263133E+291
699 2.37548515528174E+292
700 6.22375758487025E+292
701 1.6306209444883E+293
702 4.27221759258001E+293
703 1.11931857738267E+294
704 2.93260830124839E+294
705 7.68341705599311E+294
706 2.01305089504072E+295
707 5.27418188612237E+295
708 1.38183265194305E+296
709 3.62039368228841E+296
710 9.48541083923818E+296
711 2.48517224050248E+297
712 6.51113712377783E+297
713 1.70591422009692E+298
714 4.46948554608289E+298
715 1.17100266890977E+299
716 3.06802032684817E+299
717 8.03819579225816E+299
718 2.10600272199156E+300
719 5.51771514362474E+300
720 1.44563822678214E+301
721 3.78756392516653E+301
722 9.92339592399724E+301
723 2.59992408339522E+302
724 6.81178629895445E+302
725 1.78468413285474E+303
726 4.67586226912715E+303
727 1.22507325287146E+304
728 3.20968494904197E+304
729 8.40935629600971E+304
730 2.20324656269887E+305
731 5.77249345273641E+305
732 1.51238999874201E+306
733 3.96245318773089E+306
734 1.03816047963931E+307
735 2.71997454713681E+307
736 7.12631783059528E+307
737 Infinity
738 Infinity
739 Infinity
740 Infinity
741 Infinity
742 Infinity
743 Infinity
744 Infinity
745 Infinity
746 Infinity
747 Infinity
748 Infinity
749 Infinity
750 Infinity
751 Infinity
752 Infinity
753 Infinity
754 Infinity
755 Infinity
756 Infinity
757 Infinity
758 Infinity
759 Infinity
760 Infinity
761 Infinity
762 Infinity
763 Infinity
764 Infinity
765 Infinity
766 Infinity
767 Infinity
768 Infinity
769 Infinity
770 Infinity
771 Infinity
772 Infinity
773 Infinity
774 Infinity
775 Infinity
776 Infinity
777 Infinity
778 Infinity
779 Infinity
780 Infinity
781 Infinity
782 Infinity
783 Infinity
784 Infinity
785 Infinity
786 Infinity
787 Infinity
788 Infinity
789 Infinity
790 Infinity
791 Infinity
792 Infinity
793 Infinity
794 Infinity
795 Infinity
796 Infinity
797 Infinity
798 Infinity
799 Infinity
800 Infinity
801 Infinity
802 Infinity
803 Infinity
804 Infinity
805 Infinity
806 Infinity
807 Infinity
808 Infinity
809 Infinity
810 Infinity
811 Infinity
812 Infinity
813 Infinity
814 Infinity
815 Infinity
816 Infinity
817 Infinity
818 Infinity
819 Infinity
820 Infinity
821 Infinity
822 Infinity
823 Infinity
824 Infinity
825 Infinity
826 Infinity
827 Infinity
828 Infinity
829 Infinity
830 Infinity
831 Infinity
832 Infinity
833 Infinity
834 Infinity
835 Infinity
836 Infinity
837 Infinity
838 Infinity
839 Infinity
840 Infinity
841 Infinity
842 Infinity
843 Infinity
844 Infinity
845 Infinity
846 Infinity
847 Infinity
848 Infinity
849 Infinity
850 Infinity
851 Infinity
852 Infinity
853 Infinity
854 Infinity
855 Infinity
856 Infinity
857 Infinity
858 Infinity
859 Infinity
860 Infinity
861 Infinity
862 Infinity
863 Infinity
864 Infinity
865 Infinity
866 Infinity
867 Infinity
868 Infinity
869 Infinity
870 Infinity
871 Infinity
872 Infinity
873 Infinity
874 Infinity
875 Infinity
876 Infinity
877 Infinity
878 Infinity
879 Infinity
880 Infinity
881 Infinity
882 Infinity
883 Infinity
884 Infinity
885 Infinity
886 Infinity
887 Infinity
888 Infinity
889 Infinity
890 Infinity
891 Infinity
892 Infinity
893 Infinity
894 Infinity
895 Infinity
896 Infinity
897 Infinity
898 Infinity
899 Infinity
900 Infinity
901 Infinity
902 Infinity
903 Infinity
904 Infinity
905 Infinity
906 Infinity
907 Infinity
908 Infinity
909 Infinity
910 Infinity
911 Infinity
912 Infinity
913 Infinity
914 Infinity
915 Infinity
916 Infinity
917 Infinity
918 Infinity
919 Infinity
920 Infinity
921 Infinity
922 Infinity
923 Infinity
924 Infinity
925 Infinity
926 Infinity
927 Infinity
928 Infinity
929 Infinity
930 Infinity
931 Infinity
932 Infinity
933 Infinity
934 Infinity
935 Infinity
936 Infinity
937 Infinity
938 Infinity
939 Infinity
940 Infinity
941 Infinity
942 Infinity
943 Infinity
944 Infinity
945 Infinity
946 Infinity
947 Infinity
948 Infinity
949 Infinity
950 Infinity
951 Infinity
952 Infinity
953 Infinity
954 Infinity
955 Infinity
956 Infinity
957 Infinity
958 Infinity
959 Infinity
960 Infinity
961 Infinity
962 Infinity
963 Infinity
964 Infinity
965 Infinity
966 Infinity
967 Infinity
968 Infinity
969 Infinity
970 Infinity
971 Infinity
972 Infinity
973 Infinity
974 Infinity
975 Infinity
976 Infinity
977 Infinity
978 Infinity
979 Infinity
980 Infinity
981 Infinity
982 Infinity
983 Infinity
984 Infinity
985 Infinity
986 Infinity
987 Infinity
988 Infinity
989 Infinity
990 Infinity
991 Infinity
992 Infinity
993 Infinity
994 Infinity
995 Infinity
996 Infinity
997 Infinity
998 Infinity
999 Infinity
