1 0.990723122940562
2 0.984263177451756
3 0.979134878824104
4 0.974727061455538
5 0.970758510780641
6 0.967087971190778
7 0.963628433260169
8 0.960331301279805
9 0.957158887392145
10 0.954096183169814
11 0.95112821612286
12 0.948243397147124
13 0.945433368443187
14 0.942695772659803
15 0.940015851124678
16 0.937390986229788
17 0.934818914701339
18 0.932299164650862
19 0.92982060129211
20 0.927380604655604
21 0.924976784968001
22 0.92261072143798
23 0.920282174959512
24 0.917984135270242
25 0.915724054879071
26 0.913501055495993
27 0.911308819783352
28 0.909142077216034
29 0.907000847841496
30 0.904886697691518
31 0.902792174300317
32 0.900722433865664
33 0.89867070535375
34 0.896638641395305
35 0.894626289609308
36 0.892633968991464
37 0.890660065946937
38 0.888706998080719
39 0.886767108826371
40 0.88484535064783
41 0.882946261176919
42 0.881065085332724
43 0.879196587643314
44 0.87734437716923
45 0.875505102560896
46 0.873681294044634
47 0.871870751199846
48 0.870071324016657
49 0.868285414631705
50 0.866510489440908
51 0.864750686634624
52 0.863007208011183
53 0.86126991494783
54 0.859546666242801
55 0.85783472032845
56 0.85613906139478
57 0.854452436612195
58 0.852774956673807
59 0.851112076459869
60 0.849456924646416
61 0.847811064899008
62 0.846170660160202
63 0.844538892930157
64 0.842922055319327
65 0.841316806841368
66 0.83972000612398
67 0.838131395118976
68 0.836549580257863
69 0.83497824955855
70 0.833414526729849
71 0.831859289934508
72 0.830308880665786
73 0.828765812368523
74 0.827232655641218
75 0.825713020537435
76 0.824193099472431
77 0.822688202103447
78 0.821192484276854
79 0.81970384747932
80 0.818214913446906
81 0.816741597213506
82 0.81527371330788
83 0.813813352724323
84 0.812360332119947
85 0.810908792832446
86 0.809467643094383
87 0.808031365854444
88 0.806607597565728
89 0.805192822884321
90 0.803776083076382
91 0.802360683705673
92 0.800950906943883
93 0.799547739089748
94 0.798150350023787
95 0.796765525561432
96 0.795380995245721
97 0.794005395773578
98 0.79263774073145
99 0.791274705773016
100 0.789917171497314
101 0.788566726249505
102 0.78722159994279
103 0.785883657989545
104 0.78454507428668
105 0.783205497600287
106 0.781871229331439
107 0.780538308685039
108 0.779216879421013
109 0.777899313377184
110 0.776589800965394
111 0.775283524236809
112 0.773978077545129
113 0.772678065126379
114 0.771388326650118
115 0.770101370267573
116 0.768821456361044
117 0.767545010907472
118 0.766274419134309
119 0.765012195717044
120 0.763753880930272
121 0.762499772009779
122 0.761245712344534
123 0.759992373987857
124 0.758744947474276
125 0.75750716297514
126 0.756269406765038
127 0.755036090946771
128 0.753803357809587
129 0.752582774528201
130 0.751362823567054
131 0.750142602105821
132 0.748934706798009
133 0.747726353330594
134 0.746521039408642
135 0.745314176868807
136 0.744113644095514
137 0.742913256913165
138 0.74171963619997
139 0.74053152425076
140 0.7393485933112
141 0.738164657555816
142 0.736986104687746
143 0.735811927077642
144 0.734639462525236
145 0.733472491362176
146 0.732306542383582
147 0.731142960359123
148 0.729980542617425
149 0.728823618214712
150 0.727674739725712
151 0.726526641075429
152 0.725376105754033
153 0.724236954921526
154 0.723100596161396
155 0.721965375338973
156 0.720834615928487
157 0.719711383057744
158 0.718584524765637
159 0.717465793732367
160 0.716346091471486
161 0.71522956350209
162 0.714117125038949
163 0.713006244390126
164 0.711895771367636
165 0.710795251071447
166 0.709695541014076
167 0.708595115979221
168 0.707496482280319
169 0.706404654880684
170 0.705315553355537
171 0.704227202155628
172 0.703144518052849
173 0.702063974508787
174 0.700986357641886
175 0.699910220004544
176 0.698839325293015
177 0.697770545171469
178 0.696698346011224
179 0.695632028476561
180 0.694569492137504
181 0.693508950637971
182 0.692448329469685
183 0.691386764475953
184 0.690328233875264
185 0.689275842507781
186 0.688222248224673
187 0.687174399355742
188 0.686123211367771
189 0.685074319753051
190 0.684031960914154
191 0.682988588827935
192 0.681940442821962
193 0.680894779806376
194 0.679855276425516
195 0.678819983241522
196 0.677784932221253
197 0.676754566246055
198 0.675726139971504
199 0.674699828920798
200 0.673679299537242
201 0.672661659867742
202 0.671645008874884
203 0.670630528867862
204 0.669614353608833
205 0.668602443429563
206 0.667589056413273
207 0.666574227593625
208 0.665560372618521
209 0.664550839049323
210 0.663543484311146
211 0.662541647530883
212 0.661540513884862
213 0.660537074735835
214 0.659538577764659
215 0.658546461480529
216 0.657560496513172
217 0.656576986435209
218 0.655588808421432
219 0.654601392774752
220 0.653613309116213
221 0.652632461005757
222 0.65165413082107
223 0.650680574679077
224 0.649706861018914
225 0.648734392155157
226 0.64776108885945
227 0.646785961741549
228 0.645817018650845
229 0.644851207265327
230 0.643884925253989
231 0.642925435480936
232 0.641966932514771
233 0.641006741147873
234 0.640050355090151
235 0.639093975000604
236 0.638141785679822
237 0.637193027126091
238 0.636241793412924
239 0.635300239397695
240 0.634360708069156
241 0.633422182419893
242 0.632482787382512
243 0.631538820773112
244 0.630599762902609
245 0.629666833610659
246 0.628735703323203
247 0.627802334334642
248 0.626870588660034
249 0.625950008639801
250 0.625031256339649
251 0.624119258548274
252 0.623209540854034
253 0.622292027740356
254 0.6213774208809
255 0.620454649218751
256 0.619540574963056
257 0.618633667861159
258 0.617725349233571
259 0.616819624549429
260 0.615919174845444
261 0.615014859160099
262 0.614118963997221
263 0.613223399345277
264 0.612327517543084
265 0.611433382744762
266 0.610544578625102
267 0.609656154762195
268 0.608770131716028
269 0.607886476283052
270 0.607007983643304
271 0.606130026456316
272 0.605253064665046
273 0.604384027418716
274 0.603515582951497
275 0.602639660482243
276 0.601767343097597
277 0.600903778799877
278 0.600037822664169
279 0.599180966093361
280 0.598323915653331
281 0.597464522596062
282 0.596607680229318
283 0.595744301153339
284 0.594885173356884
285 0.594032137222924
286 0.593174874127139
287 0.592319101675805
288 0.591462359138043
289 0.590613843701615
290 0.589767613632661
291 0.588913432226409
292 0.588060613767965
293 0.587209805068364
294 0.586363708095748
295 0.585520625173874
296 0.584676283613838
297 0.583839437537798
298 0.582997911047836
299 0.582153435884582
300 0.581314173304821
301 0.580476233429171
302 0.579637070159657
303 0.578803073618958
304 0.577968492221946
305 0.57714355757033
306 0.576318536393891
307 0.575496620672892
308 0.574675203385975
309 0.573856317797171
310 0.573039131739967
311 0.57222107493568
312 0.57140949457599
313 0.570592807575275
314 0.569775655064447
315 0.568967856226879
316 0.568159579531786
317 0.567346561594582
318 0.566540868639607
319 0.565735374413368
320 0.564928519439248
321 0.56411980947764
322 0.563316720251821
323 0.5625099098908
324 0.561703171469711
325 0.560902841526988
326 0.560104068497029
327 0.559308646040756
328 0.558516037473136
329 0.557729015975468
330 0.556941930028239
331 0.556152974148788
332 0.555369193481921
333 0.554586240488025
334 0.553797829712617
335 0.553019395571964
336 0.552236761726803
337 0.551451791718255
338 0.550668340513309
339 0.549887695346791
340 0.549104300806457
341 0.548320771615778
342 0.547540502080015
343 0.546762532215576
344 0.545983998080371
345 0.545204615701547
346 0.544427098645936
347 0.543646983133707
348 0.542863903185816
349 0.542089658399647
350 0.541314493487694
351 0.540538599249295
352 0.539764944308751
353 0.538987811044133
354 0.538212027980019
355 0.537441742869214
356 0.536670520518744
357 0.535902301931308
358 0.535135878478805
359 0.534363571388227
360 0.533598083551874
361 0.532838112143651
362 0.532078315772558
363 0.531311088308112
364 0.53055117991086
365 0.529801964068092
366 0.529048170237106
367 0.528293544452321
368 0.527540824981918
369 0.526789426588163
370 0.526042926658871
371 0.525300439305537
372 0.524553541218013
373 0.523808816748345
374 0.523064978369933
375 0.522325197595396
376 0.52158347905492
377 0.520849158225284
378 0.520113691966331
379 0.51937704530235
380 0.518646186054302
381 0.517913072868314
382 0.517183201192891
383 0.516452947489067
384 0.515717298183484
385 0.514992316989183
386 0.514264175314023
387 0.513538281413089
388 0.512813530151046
389 0.51208848582458
390 0.511361437980381
391 0.510637567140482
392 0.509917067537123
393 0.509197785014651
394 0.508480444316518
395 0.507761250132705
396 0.507049570607094
397 0.506339543004467
398 0.505629268613074
399 0.504920112171491
400 0.504209865664623
401 0.503504246460906
402 0.502799491106578
403 0.502090479244549
404 0.501379424538358
405 0.500668518988702
406 0.499958020550673
407 0.4992492718076
408 0.498534704452162
409 0.497826688493695
410 0.497119054745291
411 0.496417299005818
412 0.49571181647198
413 0.495010276754518
414 0.494313833992126
415 0.493621651610317
416 0.49292962897738
417 0.492233420485734
418 0.491538114317829
419 0.490841222488619
420 0.490154935159286
421 0.489468221497011
422 0.488777181045991
423 0.48808516551271
424 0.487392903659051
425 0.48670607675011
426 0.48601517992711
427 0.485329249432614
428 0.484643321880762
429 0.483964690594649
430 0.483286963828383
431 0.482610684427639
432 0.481935509151009
433 0.481256878864937
434 0.480577187020997
435 0.479902707223444
436 0.479225948405121
437 0.478554326054587
438 0.477884964527495
439 0.477224410006818
440 0.476560860902696
441 0.475893055452101
442 0.475224277062533
443 0.474562389867412
444 0.473898108048617
445 0.473231835306601
446 0.472567528844977
447 0.471904233919169
448 0.471237856956574
449 0.470572584786061
450 0.469909313204863
451 0.469249121173259
452 0.468594177753747
453 0.467943680658798
454 0.467287974981952
455 0.466633866902803
456 0.465981179956449
457 0.465322582728221
458 0.464665544276995
459 0.464010140792942
460 0.463357166018032
461 0.462709034094183
462 0.4620630049368
463 0.461416239718935
464 0.460771609693816
465 0.460123814137302
466 0.459474572450058
467 0.458831723261211
468 0.458188148287914
469 0.457544057891205
470 0.456905564841688
471 0.456259142119649
472 0.455617280277364
473 0.45497708392445
474 0.454335882691212
475 0.453701907504134
476 0.45306549242062
477 0.452434252091301
478 0.451803092103097
479 0.451169631610225
480 0.450531708022497
481 0.449900373589245
482 0.4492665103994
483 0.448635565091042
484 0.448008403811742
485 0.447383538595074
486 0.446758558573912
487 0.446135955315915
488 0.445510317936889
489 0.444887684799302
490 0.444268705583631
491 0.443647931118883
492 0.443026815086351
493 0.442406752021589
494 0.441791355412438
495 0.44117590760696
496 0.440560468009026
497 0.439943100351606
498 0.439327670080787
499 0.438711013418113
500 0.438102923542906
501 0.437492520308895
502 0.436888897724455
503 0.436289908144883
504 0.435686829924408
505 0.435083415645607
506 0.434484534240934
507 0.433877283766248
508 0.433270429885661
509 0.432663347387196
510 0.432055284490911
511 0.431448521727282
512 0.430844991011783
513 0.43024541830023
514 0.42964465089134
515 0.429041901450246
516 0.428448798586753
517 0.427856494716436
518 0.427268450629243
519 0.426679623663784
520 0.426086902239173
521 0.425497134842514
522 0.424904463216129
523 0.424311298138719
524 0.423718044373556
525 0.423127342752641
526 0.422539364803836
527 0.421948612805609
528 0.421364076092874
529 0.420771056133703
530 0.420177461789213
531 0.419584669133637
532 0.418993338557731
533 0.418409072079271
534 0.417825332302648
535 0.417243604919853
536 0.416666107960598
537 0.416088428210963
538 0.415513293892835
539 0.41493741154673
540 0.414359114136834
541 0.413784480233322
542 0.413212328997023
543 0.41263682502801
544 0.412067476966842
545 0.411497557695286
546 0.41092688564723
547 0.410359303495847
548 0.409791353974132
549 0.409220520562629
550 0.408654047933284
551 0.408087155213249
552 0.407519512312901
553 0.406954961044768
554 0.406384648038289
555 0.405812622017772
556 0.405239948457964
557 0.404671934981879
558 0.404097577375728
559 0.403527843249386
560 0.402957478656916
561 0.402390285929413
562 0.401823184472053
563 0.401256514584142
564 0.400695187492484
565 0.400135909016687
566 0.399572903143597
567 0.399016319952936
568 0.398460828848352
569 0.397901084544101
570 0.397339920381986
571 0.396776582510937
572 0.396215479082485
573 0.395656703635263
574 0.395098777432496
575 0.394540648897786
576 0.393981305661856
577 0.393427583559517
578 0.39286539482573
579 0.392300790637366
580 0.391740364163658
581 0.391182438078119
582 0.390628618529828
583 0.390078146227176
584 0.389530438451128
585 0.388987895594155
586 0.388442267980718
587 0.387893956175137
588 0.387350421784227
589 0.386805060023416
590 0.386257099982678
591 0.385709896462413
592 0.385165848576207
593 0.384624781981
594 0.384081747436566
595 0.383541627094041
596 0.382999213424984
597 0.382453769410688
598 0.381914918636563
599 0.381375610879335
600 0.380832690591091
601 0.380287882912972
602 0.379743329032576
603 0.379200074800917
604 0.378660047142007
605 0.378119561249937
606 0.377580465356733
607 0.377043621268684
608 0.376508152303982
609 0.375970943167359
610 0.375439266528486
611 0.374908550920285
612 0.374378415890685
613 0.373845702033268
614 0.373312136299021
615 0.372779803765131
616 0.372245660617844
617 0.371716020071109
618 0.371183715226221
619 0.370659965397817
620 0.370133812858223
621 0.369609833369144
622 0.369083506542331
623 0.368563456027571
624 0.368044125450501
625 0.367530372078356
626 0.367018502219547
627 0.366502776620314
628 0.365987388804554
629 0.365469583772773
630 0.364958925504025
631 0.364443263417516
632 0.363931888686714
633 0.36341821136237
634 0.362902503713954
635 0.362387438753258
636 0.361879176543175
637 0.361371602761146
638 0.360866816373892
639 0.36035831459021
640 0.359845326576444
641 0.359333711052384
642 0.358826432436356
643 0.35832644999825
644 0.357826109575223
645 0.357327610976857
646 0.356830704361871
647 0.356326436833048
648 0.355829512556164
649 0.355341854958576
650 0.354848055264252
651 0.354353753824884
652 0.353863313903449
653 0.353371379936652
654 0.352878140481632
655 0.352384284667012
656 0.351889044119039
657 0.351392739388777
658 0.350899236618585
659 0.350403639088619
660 0.34990606220115
661 0.349412232599172
662 0.348919454083692
663 0.348429175578505
664 0.347942407817028
665 0.347454230421573
666 0.346969591473927
667 0.346483749344592
668 0.346007507238779
669 0.34552813075153
670 0.345050241774888
671 0.3445716384364
672 0.34408956862976
673 0.343608320064191
674 0.343124765772942
675 0.342645764725947
676 0.342167613572513
677 0.341692037714537
678 0.341221201555911
679 0.340750242209062
680 0.340273855770764
681 0.339799784757147
682 0.33933242561015
683 0.338862343822917
684 0.33839097050186
685 0.337925968678861
686 0.337455773590696
687 0.336994395350535
688 0.336527102583449
689 0.336056224936356
690 0.335589392069743
691 0.335126948119532
692 0.334663189150558
693 0.334199140491505
694 0.333732511365509
695 0.333270857546026
696 0.332808537054115
697 0.33234887516443
698 0.331884875654546
699 0.331426724611403
700 0.330966083393476
701 0.330503605609677
702 0.330039133757672
703 0.329577754503272
704 0.329119519709909
705 0.328659199333035
706 0.328197463068173
707 0.327730841060426
708 0.327260361376726
709 0.326790559544142
710 0.326324568395895
711 0.325862584441413
712 0.325400617200344
713 0.324933261738018
714 0.324473764078477
715 0.324015457451118
716 0.323550613312371
717 0.323092116757817
718 0.322634598788101
719 0.322175002566876
720 0.321714844770403
721 0.321254800885853
722 0.320793044244975
723 0.320329525317152
724 0.319871625640719
725 0.31941797175081
726 0.31896603105723
727 0.318510658403979
728 0.318049760848969
729 0.317588177449822
730 0.317127937183953
731 0.316670488593739
732 0.316214101705679
733 0.315760029604302
734 0.315311881806962
735 0.314865021093135
736 0.314419032531196
737 0.31396751962514
738 0.313514499215954
739 0.313058448356793
740 0.312606778957773
741 0.312159875252429
742 0.311713563944423
743 0.311268451791924
744 0.310827194405943
745 0.310389708433032
746 0.309947063037058
747 0.309502901270879
748 0.30905510772385
749 0.308614101598618
750 0.30817176878658
751 0.30773148186058
752 0.307292531005104
753 0.30685137723536
754 0.306409876537083
755 0.305975413845459
756 0.305540828534264
757 0.305110400760875
758 0.304676189439825
759 0.304246427456192
760 0.30381817150348
761 0.303383657303768
762 0.302956985648782
763 0.302526332064971
764 0.302092345105585
765 0.301658229119744
766 0.301230303484959
767 0.300803355641361
768 0.300381513999427
769 0.29995810383366
770 0.299531624074545
771 0.299114782921073
772 0.298699050843013
773 0.298285095129223
774 0.29787404044331
775 0.297460983369656
776 0.297053637564595
777 0.296641114691595
778 0.296228196387006
779 0.295815947658965
780 0.295404208609056
781 0.294993721398805
782 0.294583443257124
783 0.294170530966696
784 0.293757198409151
785 0.293351619109299
786 0.292945777597447
787 0.2925375068101
788 0.292135239030372
789 0.291723341693306
790 0.291312676064924
791 0.290907851234249
792 0.290497625668508
793 0.290089861027664
794 0.289681145805532
795 0.289276773785201
796 0.288874506798238
797 0.28847705127211
798 0.288077554873652
799 0.287678284619991
800 0.287279956045199
801 0.286880102751458
802 0.286483027402965
803 0.286086460203277
804 0.285689553959822
805 0.285291325049869
806 0.284898113930026
807 0.284500834967771
808 0.284100752831427
809 0.283703311703485
810 0.283302508979744
811 0.282905177848405
812 0.282509136616157
813 0.282111655601591
814 0.281717581380538
815 0.281318850251701
816 0.280927568306873
817 0.280533010246942
818 0.280141007188424
819 0.279751688100806
820 0.279361252856979
821 0.278973993710475
822 0.278580028518517
823 0.278186925098004
824 0.277792298417394
825 0.27740101577686
826 0.277009883654999
827 0.276620806548432
828 0.276226493941233
829 0.275838692556374
830 0.275456363779001
831 0.275073145777237
832 0.274693633298497
833 0.274311673733288
834 0.273926623452162
835 0.273540330700038
836 0.27316081464662
837 0.272779136332712
838 0.272399422442871
839 0.272019121200955
840 0.271636565102522
841 0.271253873132888
842 0.270877781847648
843 0.270500636259839
844 0.270126072002156
845 0.269748218780377
846 0.269367252063275
847 0.268985851866833
848 0.268612125832826
849 0.268235417894839
850 0.267855684857675
851 0.267475914850969
852 0.267100896307164
853 0.266727694611799
854 0.266357250771647
855 0.265988171431698
856 0.265615719209419
857 0.265251272937079
858 0.264885503496073
859 0.264514021549548
860 0.264145932758771
861 0.263773001337351
862 0.263399279094254
863 0.263021943226935
864 0.262650691020878
865 0.26228002775293
866 0.261911771495781
867 0.261544237670547
868 0.261178218137705
869 0.260810464231497
870 0.260441000563756
871 0.260075331557114
872 0.25971167361076
873 0.25934713246777
874 0.258987819648173
875 0.258624563826653
876 0.258263698667818
877 0.257898458656087
878 0.257536872217758
879 0.257169568049893
880 0.256802614091148
881 0.256435993847914
882 0.256070434861584
883 0.255708708137809
884 0.255345434423295
885 0.254984190145574
886 0.254623866160411
887 0.254271135439594
888 0.253916493505434
889 0.253558591813222
890 0.253208313353112
891 0.252851969095497
892 0.252497729081647
893 0.252142035625921
894 0.25178721274867
895 0.25143190398992
896 0.251081601946176
897 0.250729798121117
898 0.250378626449471
899 0.250023859323923
900 0.249676091406729
901 0.249326139962716
902 0.248974813239399
903 0.248622697753891
904 0.248275771299223
905 0.247926772262737
906 0.247573738051294
907 0.247219774058143
908 0.246867566600996
909 0.246514179568914
910 0.24616405075636
911 0.245813076431687
912 0.245464004361445
913 0.245110392972888
914 0.244758819727938
915 0.244399186749838
916 0.244037505602924
917 0.243683653802414
918 0.2433309619881
919 0.242982649567946
920 0.242632323539047
921 0.242280721162671
922 0.241932051716532
923 0.241583452427994
924 0.241237381352046
925 0.240886075316546
926 0.240538424714616
927 0.240191740172674
928 0.239846904207735
929 0.239506620458222
930 0.239162452540716
931 0.238818859542726
932 0.238477189448432
933 0.238138909367777
934 0.237797304653652
935 0.237455594791201
936 0.237115989925458
937 0.236774912662857
938 0.236436640020869
939 0.236098929496366
940 0.235762463193909
941 0.235428622940574
942 0.235098525144153
943 0.234763260016535
944 0.234429066401668
945 0.234092361701163
946 0.233756928929085
947 0.233421345075502
948 0.233088445074123
949 0.23275795412814
950 0.232430978357516
951 0.232098861392914
952 0.231766386785197
953 0.231438733745419
954 0.231110958170641
955 0.230785297025395
956 0.230458288228656
957 0.23013384137125
958 0.229816818142195
959 0.229497190492044
960 0.229179977654536
961 0.228859479837475
962 0.228544139664594
963 0.228235630481108
964 0.227928535614399
965 0.227617887354573
966 0.227304059346733
967 0.226989439828621
968 0.22667867654531
969 0.226374575733848
970 0.22606784242342
971 0.225753714856663
972 0.225436560036468
973 0.225120239420499
974 0.224805204705528
975 0.224490099937153
976 0.22417550409109
977 0.223859077924068
978 0.223539703689359
979 0.223218648517051
980 0.222898637286361
981 0.222582372552308
982 0.222268917247926
983 0.221956806199988
984 0.221647683426942
985 0.221334008256621
986 0.221021673977173
987 0.220712590509825
988 0.220407167580221
989 0.220098630941726
990 0.219788797958643
991 0.219481086451366
992 0.219175446949963
993 0.218869062023305
994 0.218569226650483
995 0.218270161716856
996 0.217970245799101
997 0.217665351280889
998 0.217363720227469
999 0.217059586853535
