1 0.997584309658331
2 0.9959086572121
3 0.99458377576611
4 0.993451052719825
5 0.992433989747748
6 0.991493292122368
7 0.990606271830867
8 0.989760926583901
9 0.988949101320058
10 0.988164734310525
11 0.987404642428877
12 0.986666767842641
13 0.985949669493815
14 0.985248075890762
15 0.984563432608444
16 0.983893846046871
17 0.983236295554235
18 0.982591888753049
19 0.981959577732134
20 0.981337332370015
21 0.980725959591132
22 0.980123437769592
23 0.97953059459902
24 0.978944644391292
25 0.978367234901678
26 0.977797955748299
27 0.977235550980039
28 0.976679628333055
29 0.976131599122678
30 0.975589092261237
31 0.975053865213667
32 0.974524142645233
33 0.974000377452047
34 0.973481042839953
35 0.972966101529738
36 0.97245748755973
37 0.971952478729299
38 0.971453897123051
39 0.97095925772482
40 0.970470152906226
41 0.969984060742612
42 0.969502325771149
43 0.969024097112419
44 0.968549004442112
45 0.968078200117449
46 0.967611045979113
47 0.96714707399025
48 0.966687746621455
49 0.966231132595482
50 0.965779485612615
51 0.965331328412994
52 0.964885145361265
53 0.964440936378437
54 0.963999629304499
55 0.963560532316535
56 0.963124212321069
57 0.962690463402651
58 0.962261436489459
59 0.961834080627481
60 0.961409428832735
61 0.960987656113243
62 0.960568111007528
63 0.960151318323686
64 0.959736991187306
65 0.959324128890135
66 0.958914176295293
67 0.958507890151762
68 0.958104128909973
69 0.957700956900093
70 0.957300329672264
71 0.956900313537275
72 0.956504551486989
73 0.956109752853828
74 0.955718341996179
75 0.955328506286231
76 0.954941392556645
77 0.95455599915505
78 0.954173442506332
79 0.95379244120339
80 0.953413200051908
81 0.953035039977667
82 0.95265873184188
83 0.952283887640362
84 0.951910834240168
85 0.951539818490169
86 0.951169387301232
87 0.95079970028729
88 0.950432354278886
89 0.950068680808783
90 0.949705102822527
91 0.949343551483698
92 0.948981704121934
93 0.948622174489982
94 0.948263893119325
95 0.947908633200949
96 0.947553237794649
97 0.94720060848544
98 0.946848012962769
99 0.946496326523535
100 0.946147617190632
101 0.945800699511248
102 0.94545465221749
103 0.945108940961602
104 0.944766157868815
105 0.944422812106666
106 0.944080728891528
107 0.943738419274226
108 0.943399409008958
109 0.943061188606164
110 0.94272412598907
111 0.942387286253922
112 0.942053122351165
113 0.941720427435797
114 0.941388197313762
115 0.941056919825915
116 0.940728845425079
117 0.940400565954025
118 0.940073525243532
119 0.939747038386687
120 0.939422940829629
121 0.939099542473137
122 0.938776169150648
123 0.938453452832565
124 0.938131764776272
125 0.937810664262538
126 0.93749098298826
127 0.937171784744049
128 0.936853346654134
129 0.936536269575832
130 0.936220108792647
131 0.935905490303466
132 0.935592068188437
133 0.935280168663437
134 0.934968737669302
135 0.934657211618388
136 0.934346759148653
137 0.934038544678399
138 0.93373118815002
139 0.933424664448996
140 0.933120407564075
141 0.93281651171976
142 0.932513788248669
143 0.932210470734592
144 0.931906935855182
145 0.931606160152612
146 0.931307545800726
147 0.93101057824223
148 0.930713883981466
149 0.930417797256096
150 0.930121299163388
151 0.929826675151383
152 0.92953092736789
153 0.929234622348816
154 0.928938522139138
155 0.92864375424049
156 0.928348658389688
157 0.928053890187502
158 0.927761358673373
159 0.927470600172479
160 0.92718101066652
161 0.926892773879949
162 0.926606274858838
163 0.926321198728846
164 0.926036632653506
165 0.925754180481068
166 0.925471806220026
167 0.92518831578549
168 0.924904849244893
169 0.924622377532353
170 0.92434082554978
171 0.924059959345084
172 0.923778909248789
173 0.92349780781026
174 0.92321743699897
175 0.922938357751935
176 0.922659189495571
177 0.922380914465532
178 0.922102363978506
179 0.921824977207311
180 0.921548774870782
181 0.921273925441816
182 0.920999134980189
183 0.920723966305239
184 0.920448365496431
185 0.920174013901992
186 0.919901262600959
187 0.919629256055794
188 0.919358134517629
189 0.919087369263041
190 0.918816899814654
191 0.918546953672307
192 0.918277551079067
193 0.918008707686476
194 0.91774077790839
195 0.917472403669045
196 0.917204772283746
197 0.916937985564425
198 0.916671489281233
199 0.916406862953066
200 0.916143243069088
201 0.915880389548973
202 0.915617278282837
203 0.915355450210636
204 0.915094223314113
205 0.914832965649759
206 0.914572693573398
207 0.914312651637094
208 0.914053159570624
209 0.913793640798332
210 0.913534690807638
211 0.913276088732712
212 0.913017530961759
213 0.912761242129324
214 0.912504048795306
215 0.912247355919935
216 0.911992388561635
217 0.911738155062463
218 0.911483599029444
219 0.911229628609172
220 0.910976347230529
221 0.910723165843283
222 0.910470127428785
223 0.910217617771845
224 0.909965941036246
225 0.909715996479032
226 0.909465144504394
227 0.909214503922943
228 0.908963071308509
229 0.908712010412561
230 0.908462920997422
231 0.908214254113646
232 0.907965589026975
233 0.907716871713128
234 0.907469158336281
235 0.907221151441578
236 0.90697296370606
237 0.906724786847509
238 0.90647757026401
239 0.90623144369977
240 0.90598510954131
241 0.905739879869252
242 0.905494898559924
243 0.905249591777536
244 0.905007020800799
245 0.904763878695229
246 0.904522469891552
247 0.90428103202526
248 0.904037779757472
249 0.903795763166815
250 0.903554514294118
251 0.903312552472725
252 0.903071251348908
253 0.902830327496936
254 0.902591132128089
255 0.902350390605126
256 0.90210995524621
257 0.901869928256656
258 0.901629707307157
259 0.901388640480448
260 0.90114965368488
261 0.900912436139388
262 0.900673697033946
263 0.900435254305496
264 0.900197435460152
265 0.899960675873564
266 0.899723818247396
267 0.899487639343468
268 0.899249333304107
269 0.899010887684351
270 0.898775253837537
271 0.898539907752869
272 0.898304169023731
273 0.898069002244563
274 0.897834481375095
275 0.897598723998974
276 0.897365022721152
277 0.897131569484023
278 0.896899050604522
279 0.896666354406015
280 0.89643433898541
281 0.896202155374695
282 0.895973390319302
283 0.895744097867872
284 0.89551504159236
285 0.895287243090918
286 0.895057929735063
287 0.894829294539861
288 0.894599952375786
289 0.894371443092194
290 0.894144243780985
291 0.893917460735203
292 0.893691277265982
293 0.893465655149535
294 0.893239140056199
295 0.893012484963159
296 0.89278650566654
297 0.892560737288353
298 0.892335535227575
299 0.892112478119453
300 0.891889315161792
301 0.891666429390381
302 0.891444197084819
303 0.891223299166502
304 0.891002199752554
305 0.890781597904636
306 0.890561048480833
307 0.890340274368728
308 0.890119357307136
309 0.889899533411869
310 0.889679353383441
311 0.88945882501641
312 0.889238413966936
313 0.889017896654278
314 0.888797153418619
315 0.888576494351309
316 0.888354883385673
317 0.888135598657086
318 0.887917297198406
319 0.887699217115965
320 0.887481428688513
321 0.887263205247808
322 0.887045051348761
323 0.886827870112805
324 0.88661147583945
325 0.886393902039968
326 0.886176424777869
327 0.885959812302478
328 0.885743390089548
329 0.885526717809837
330 0.885309805751072
331 0.885093600159024
332 0.884878567359683
333 0.88466344285338
334 0.884448724071232
335 0.88423413758612
336 0.884020067310121
337 0.883804942841703
338 0.88359138510242
339 0.883377453992304
340 0.883164518122785
341 0.882951610693965
342 0.882739117056029
343 0.882527787031914
344 0.882315188309654
345 0.882102813004842
346 0.881891651337458
347 0.881681227108192
348 0.881472366239725
349 0.881261019760735
350 0.881051068515784
351 0.88084289682695
352 0.880634109575592
353 0.880425032174794
354 0.880216567759336
355 0.880007378289463
356 0.879797993899265
357 0.879588805865542
358 0.879378692033131
359 0.879169544194939
360 0.878961824511339
361 0.878754188090619
362 0.878545452201356
363 0.878337263235208
364 0.878129791199967
365 0.87792422397776
366 0.87771881567319
367 0.87751403965317
368 0.87730877624963
369 0.877104388604968
370 0.876899620597797
371 0.876696061025401
372 0.876491468839711
373 0.876284825917324
374 0.876078532160695
375 0.875872697605117
376 0.875667827892872
377 0.875461681287763
378 0.875256903711407
379 0.87505213268433
380 0.874847413513648
381 0.87464406357683
382 0.874439375521389
383 0.874235949296494
384 0.874032593969075
385 0.873829751300469
386 0.873627187376357
387 0.873425033038071
388 0.873222202476449
389 0.873019926901826
390 0.872818298457777
391 0.872617268919034
392 0.872415819910899
393 0.872214752466392
394 0.872014284737902
395 0.871814041552913
396 0.87161388873725
397 0.871413019760233
398 0.871214274125525
399 0.87101536503326
400 0.870814680053645
401 0.870613527497836
402 0.870413068654719
403 0.870213974277727
404 0.870014515291473
405 0.869814745670222
406 0.869615352766988
407 0.869414544131704
408 0.869215041910006
409 0.869015037030109
410 0.868816090805393
411 0.868618091757089
412 0.868420865228884
413 0.868223985013943
414 0.868026340943577
415 0.867829027988971
416 0.867631188492642
417 0.867433247788778
418 0.867236383577399
419 0.867040584545184
420 0.866842367790765
421 0.866644035668579
422 0.8664478529902
423 0.866250980101124
424 0.866054345278296
425 0.865858102413624
426 0.865663177634723
427 0.865467279113329
428 0.865272687016047
429 0.865078620482579
430 0.864882762811001
431 0.86468771350081
432 0.864493520182479
433 0.864298976043627
434 0.864105752417585
435 0.863914568937243
436 0.863722260165524
437 0.863529782325725
438 0.863337322613964
439 0.863144782812318
440 0.862952792726622
441 0.862759637465533
442 0.862566889504981
443 0.862375210728239
444 0.862185319573084
445 0.861996303570226
446 0.86180608609773
447 0.861615591261818
448 0.861424838313455
449 0.861233830498291
450 0.861043868301078
451 0.860853478098839
452 0.860662731844551
453 0.860471505614309
454 0.860280580497787
455 0.860091886453097
456 0.859903347562128
457 0.859714013029035
458 0.85952566855303
459 0.859336932708254
460 0.859149296538135
461 0.858961955724052
462 0.858774778032903
463 0.858588134847291
464 0.85840226860872
465 0.858216028880707
466 0.858029665046725
467 0.85784265267466
468 0.857656811468961
469 0.857470517928863
470 0.857285603251445
471 0.857097538168561
472 0.856909478057679
473 0.856721503478979
474 0.856534134418827
475 0.856345190519175
476 0.856157211702522
477 0.855969241379673
478 0.85578304465226
479 0.85559690507775
480 0.855412486687264
481 0.855226844433417
482 0.855040797411653
483 0.854855064868407
484 0.854669366758827
485 0.854483148593737
486 0.854298222892164
487 0.85411312533514
488 0.853928107935321
489 0.853743694248383
490 0.853559887845895
491 0.853375061763847
492 0.853190430766358
493 0.853006340657269
494 0.852822991694907
495 0.852641351086925
496 0.852458961825809
497 0.852276561424928
498 0.85209304972732
499 0.851910364531761
500 0.851727150049565
501 0.85154416377075
502 0.851361249891075
503 0.851178763822985
504 0.850998474380566
505 0.850819253404032
506 0.850638996383322
507 0.850459128418068
508 0.850277768378357
509 0.850097240248282
510 0.849917407209985
511 0.849736539367561
512 0.849555116962258
513 0.849374256179571
514 0.849193256535403
515 0.84901136473604
516 0.84883042474537
517 0.848648610382946
518 0.84846972208509
519 0.848290024278577
520 0.848108765398946
521 0.847928999563732
522 0.847750274173468
523 0.847573482480417
524 0.847396049046782
525 0.847218376382376
526 0.847039933132879
527 0.84686009330606
528 0.84668160756045
529 0.846503562537965
530 0.846324205272624
531 0.846145383448533
532 0.845966963117691
533 0.845788328021416
534 0.845609546934505
535 0.84543091593972
536 0.845253031010441
537 0.845075401615743
538 0.844896998892917
539 0.844719285810416
540 0.844541180077929
541 0.844365019923785
542 0.844189500653108
543 0.844012097544338
544 0.843835596497253
545 0.843658803308102
546 0.843482450373949
547 0.843306142732483
548 0.843130018986321
549 0.842954302685321
550 0.842777982290684
551 0.842601811603018
552 0.842424227523385
553 0.84224843953629
554 0.842071973964123
555 0.841895262563576
556 0.841718827657013
557 0.84154398020008
558 0.84136914880008
559 0.841193885558086
560 0.84101851369726
561 0.840842012040639
562 0.840665868584154
563 0.840489292287253
564 0.840313262784057
565 0.840139906165007
566 0.839965078530315
567 0.839790649765994
568 0.839617442843546
569 0.839445279975755
570 0.839272222040455
571 0.839100106184013
572 0.838926792581704
573 0.838754529792979
574 0.838582336620485
575 0.83841014727204
576 0.838238387557858
577 0.83806731910689
578 0.837895930833334
579 0.837723451235205
580 0.837551748982098
581 0.837378859813191
582 0.837206872423777
583 0.837035827312774
584 0.8368645030711
585 0.836694455731177
586 0.836523998305135
587 0.83635393578999
588 0.836183527994544
589 0.836013510595259
590 0.835842779846031
591 0.835672612472167
592 0.835501624182109
593 0.835330372582551
594 0.835161250935223
595 0.834993454962297
596 0.834825066470897
597 0.834655922350376
598 0.834485545896397
599 0.834314801550818
600 0.834144820636478
601 0.833975961223283
602 0.833806497006223
603 0.83363803054018
604 0.83346905428913
605 0.833300137783983
606 0.833132846411611
607 0.832966903415248
608 0.832801111746806
609 0.832632886454643
610 0.832465309109591
611 0.832297571841072
612 0.832131667360897
613 0.831965138629861
614 0.831799479433913
615 0.83163428577812
616 0.831469838711034
617 0.831304209336707
618 0.831137234806211
619 0.830969716748108
620 0.830803160854117
621 0.830636640455459
622 0.830470840748683
623 0.830304949766293
624 0.830139039905716
625 0.829972109276493
626 0.829806628403929
627 0.829640812286953
628 0.829473992244809
629 0.829309168774554
630 0.8291432527046
631 0.8289773584197
632 0.828811502667543
633 0.828645432649278
634 0.828479220519756
635 0.828315232112679
636 0.828151091041899
637 0.82798727938438
638 0.82782394351383
639 0.827660912440193
640 0.827497501698255
641 0.827334321164289
642 0.827171018112705
643 0.827008603682181
644 0.826845228667872
645 0.826680999865151
646 0.826518417509627
647 0.826355743720983
648 0.826193385619497
649 0.826031389736957
650 0.825868266029442
651 0.825704615678151
652 0.825540913440316
653 0.825376330881597
654 0.825213806948949
655 0.825052565096693
656 0.824891913754235
657 0.824728464914729
658 0.82456609904957
659 0.82440319848354
660 0.824242955491136
661 0.824082482959589
662 0.823922302671206
663 0.823762447631563
664 0.82360284804387
665 0.823442873052199
666 0.823282614037002
667 0.823122775426447
668 0.822961845891509
669 0.822801343716403
670 0.822640828593815
671 0.822481429617487
672 0.822322302891822
673 0.822161548461661
674 0.822000251756243
675 0.821840323419594
676 0.821681398017653
677 0.821522018843567
678 0.821361747711971
679 0.821201940770907
680 0.821042535086185
681 0.820883768306381
682 0.820724255002297
683 0.820564130646474
684 0.820405120039536
685 0.820246174501923
686 0.820086561721529
687 0.819928949229044
688 0.81976969955764
689 0.819610763831217
690 0.819451229074645
691 0.819291817320364
692 0.819131088069311
693 0.818972823004492
694 0.81881461844707
695 0.818657087328961
696 0.818500256270092
697 0.818343057548245
698 0.818186539954375
699 0.818029611793505
700 0.817872721859599
701 0.817715255082651
702 0.817558543298334
703 0.817401965006799
704 0.81724610059468
705 0.817088793541198
706 0.816931813231318
707 0.816774272970998
708 0.816618213295627
709 0.816459708670953
710 0.816302884288046
711 0.81614731700437
712 0.815991880597283
713 0.81583723126257
714 0.815681806155277
715 0.81552798344876
716 0.815372557047509
717 0.815219022766123
718 0.815066544143857
719 0.814912454920723
720 0.814757435223999
721 0.814604047646159
722 0.814450133529164
723 0.814296069591654
724 0.814143124459442
725 0.813989860914421
726 0.8138374008447
727 0.813683894876917
728 0.813530783313231
729 0.813376569347722
730 0.813223464206811
731 0.813070881566771
732 0.812919401555902
733 0.812768865924444
734 0.812617016024213
735 0.812465598205993
736 0.812314703235504
737 0.812162046348864
738 0.812009852372337
739 0.811856302138139
740 0.811704332795171
741 0.811551574262019
742 0.811398432517127
743 0.811244666838991
744 0.811093092533656
745 0.810940630468587
746 0.810788099928241
747 0.810637924772271
748 0.810485988739403
749 0.810333052902811
750 0.810180047690226
751 0.810028519729609
752 0.809877830892497
753 0.809726841461531
754 0.809576250610851
755 0.809426360696606
756 0.809275217758483
757 0.809124757539899
758 0.808974859059807
759 0.808825531812303
760 0.808677039569949
761 0.808528182639223
762 0.808379083761281
763 0.808231917119235
764 0.80808470773312
765 0.807937267365103
766 0.807789290351474
767 0.807640507192081
768 0.807492868943799
769 0.807346021642253
770 0.807198070923318
771 0.807049870884368
772 0.806901788298131
773 0.806754956132574
774 0.806606874326154
775 0.806458888486992
776 0.806310198137068
777 0.806161725937562
778 0.806013374614059
779 0.805866306614398
780 0.805718967823199
781 0.805570629641401
782 0.805421965409616
783 0.80527449230659
784 0.80512741224418
785 0.804979530074175
786 0.804831653546132
787 0.804684949470736
788 0.804537322571919
789 0.8043907257487
790 0.804243491441217
791 0.804095590687912
792 0.803948669758733
793 0.803801383742347
794 0.8036550507661
795 0.803508213030994
796 0.803361904369896
797 0.803216604408724
798 0.803069108585061
799 0.802923049789306
800 0.802778098927195
801 0.802633174640164
802 0.802487691730984
803 0.802343369826021
804 0.802198862282592
805 0.802054346039339
806 0.801909805095425
807 0.801766837001985
808 0.80162372449467
809 0.801481524218958
810 0.801338621758965
811 0.801196432014068
812 0.801052156486964
813 0.800909531420619
814 0.800765921066482
815 0.800623247436894
816 0.800479467587973
817 0.80033519731211
818 0.800191662293331
819 0.800047740207131
820 0.799904889031621
821 0.799761757345877
822 0.799620259727558
823 0.799478200728382
824 0.799335716185603
825 0.799192580018735
826 0.799050443271301
827 0.798908402417011
828 0.798766399048057
829 0.798623450549475
830 0.798479998055446
831 0.798336970654318
832 0.798194505835213
833 0.798052977249711
834 0.79791099922578
835 0.797768855608841
836 0.797627453163727
837 0.797485481624551
838 0.797342840324066
839 0.797201340036011
840 0.797059102927193
841 0.796918218917305
842 0.796777977394323
843 0.796636004598104
844 0.796494637741528
845 0.796351042694726
846 0.796208667291988
847 0.796067249692919
848 0.795926758661038
849 0.795786527266449
850 0.795645237897466
851 0.795503307228877
852 0.795360969566967
853 0.795220733279087
854 0.795079701382737
855 0.794940087905214
856 0.794801463190946
857 0.794663164898038
858 0.794524106704855
859 0.794383917990414
860 0.794244389422739
861 0.794104695495369
862 0.793965064508032
863 0.793825017631614
864 0.793686079372058
865 0.793545322504091
866 0.793404584300152
867 0.793264227857621
868 0.793124826289007
869 0.792986063770907
870 0.792845401262288
871 0.792705568168835
872 0.792565480911285
873 0.792424732995383
874 0.792284339750481
875 0.79214370940862
876 0.792002358664284
877 0.791860177924885
878 0.791720358715545
879 0.791579451061789
880 0.791438645696038
881 0.791296731172884
882 0.791155044289555
883 0.791013471469234
884 0.790872149972139
885 0.79073257344869
886 0.790591820872577
887 0.790448782643161
888 0.790306926737162
889 0.79016557365948
890 0.790025176935676
891 0.789885713583478
892 0.789744906227571
893 0.789603780416715
894 0.789462287598057
895 0.789321565594932
896 0.789179664322393
897 0.789037441241343
898 0.788895535028278
899 0.788756271048871
900 0.788617213308876
901 0.788479204484801
902 0.788339969453587
903 0.788202219109356
904 0.788063421921609
905 0.787923953610117
906 0.787786266161864
907 0.787647010522875
908 0.787507682826289
909 0.787370307894894
910 0.787232613291754
911 0.787095739931845
912 0.786958082378141
913 0.786820734010914
914 0.786684381070959
915 0.786547808489244
916 0.786410392360577
917 0.786272368954422
918 0.78613533618839
919 0.78599854760965
920 0.785862235498794
921 0.78572750663848
922 0.785592490461816
923 0.785456652891999
924 0.785319931238733
925 0.785182719837128
926 0.785046872693916
927 0.784911850816011
928 0.784775679543521
929 0.784641253439115
930 0.784504937928233
931 0.784368525712912
932 0.784233312885414
933 0.784097807669562
934 0.783961195408563
935 0.783824882989885
936 0.783688743391225
937 0.783551958719294
938 0.783415151962677
939 0.783278122924757
940 0.783141752125025
941 0.783005496561479
942 0.782869614002138
943 0.782734990031108
944 0.782600157114779
945 0.782465233309284
946 0.782328721493358
947 0.782192911108741
948 0.782058648416117
949 0.781922926943746
950 0.781788470839159
951 0.781653741459699
952 0.78151933824759
953 0.781386026123788
954 0.781250681603137
955 0.781115207731124
956 0.780978905370957
957 0.780843256364499
958 0.780707994753809
959 0.78057299021228
960 0.78043855307762
961 0.780304427239262
962 0.780169964417501
963 0.780037050913225
964 0.779904574944898
965 0.779772510018251
966 0.779639393216261
967 0.779506076628575
968 0.779372633785418
969 0.779239590054133
970 0.779105191183293
971 0.778971025224537
972 0.778837195544495
973 0.778703984302548
974 0.778570377266744
975 0.778435191519026
976 0.778300388738527
977 0.778165677036718
978 0.778032598901372
979 0.777900165641576
980 0.777765721848917
981 0.777633077892699
982 0.777498851293475
983 0.777365980582079
984 0.777233555698047
985 0.777100824179776
986 0.776967220114336
987 0.776835128945863
988 0.776703179004129
989 0.776571036886399
990 0.776438935638259
991 0.77630616333458
992 0.776172752208511
993 0.776039056433544
994 0.775904878486338
995 0.775771683343821
996 0.775636696079535
997 0.775501134452178
998 0.775366533906514
999 0.775233495628773
