1 0.996036517025508
2 0.993287216634607
3 0.991113229418952
4 0.989251379946371
5 0.987577996635019
6 0.986029848432377
7 0.984574654142658
8 0.983187196314768
9 0.981854124029289
10 0.98056834866853
11 0.979322256695864
12 0.978110153721822
13 0.976931156333478
14 0.975779685578452
15 0.974652740360505
16 0.973548027649344
17 0.972462742066634
18 0.971397206894363
19 0.970351823422927
20 0.969327090320036
21 0.968317103791979
22 0.967323553181979
23 0.96634272052328
24 0.965374817325322
25 0.964420160589838
26 0.963477146485874
27 0.962546462389692
28 0.96163020920361
29 0.960722159870308
30 0.959825135126097
31 0.958937500860764
32 0.958061219743837
33 0.957193789860719
34 0.95633529524148
35 0.955485779668849
36 0.954643893658193
37 0.953810473770298
38 0.952987553228246
39 0.952169620958514
40 0.951360311159213
41 0.9505617561068
42 0.949768822711733
43 0.94898324882742
44 0.948204285843895
45 0.947432007163006
46 0.946665740627399
47 0.945904705628864
48 0.945147035878526
49 0.944398679360034
50 0.943655894247408
51 0.942918897133913
52 0.942186979959382
53 0.94145665947878
54 0.940732485366668
55 0.940014187031571
56 0.939299966279897
57 0.938591813362483
58 0.93788882837707
59 0.937188360278999
60 0.936493083900825
61 0.935800697402577
62 0.935114150707556
63 0.934430873483862
64 0.933750383684477
65 0.933074288695178
66 0.932399983810561
67 0.931729102900512
68 0.931061765572656
69 0.930398700920899
70 0.929738988229419
71 0.929083680052325
72 0.928431404870045
73 0.927781454228171
74 0.927137960611471
75 0.926496623611585
76 0.925858109530816
77 0.925221743162933
78 0.924587839543425
79 0.92395669621255
80 0.92332726783352
81 0.922703679128881
82 0.922083611491739
83 0.921466416921457
84 0.920852383431593
85 0.920239758291452
86 0.919629608716759
87 0.919020710878852
88 0.918415364415031
89 0.917812789329728
90 0.91721188076964
91 0.916612947108638
92 0.916016880696602
93 0.915423318912234
94 0.91483156456605
95 0.914242319893982
96 0.913656314308862
97 0.913073185104274
98 0.91249141728476
99 0.911912526742212
100 0.911336060003776
101 0.910760961543499
102 0.910188910845401
103 0.909617295953745
104 0.909047526138938
105 0.908477544145087
106 0.907910075586075
107 0.907347424834999
108 0.906786730049798
109 0.906229104176252
110 0.905673151292869
111 0.905116582758675
112 0.904564649360719
113 0.904013641598283
114 0.903463769645751
115 0.902916194412582
116 0.902370627330954
117 0.901826719456581
118 0.901284288274705
119 0.900746010005404
120 0.900209990327839
121 0.899673645785676
122 0.899139296079265
123 0.898607011240079
124 0.898076766021265
125 0.897550099342159
126 0.8970248280857
127 0.896500629932984
128 0.89597592693391
129 0.895454426222563
130 0.894933819389729
131 0.894415427914214
132 0.893901453093341
133 0.893389776775942
134 0.892878028052918
135 0.892368809588571
136 0.891860667161611
137 0.891352770911286
138 0.890846070299434
139 0.890337926479689
140 0.889831663088741
141 0.889326112731218
142 0.888822457891992
143 0.888319274709032
144 0.887818250175139
145 0.887317892010901
146 0.886819424662119
147 0.886324381001032
148 0.885830930799709
149 0.885338770685253
150 0.884846682262024
151 0.884356546820284
152 0.8838673847194
153 0.883377980239983
154 0.882890907864091
155 0.882405867298723
156 0.881918751560535
157 0.881433022622244
158 0.880950471299063
159 0.880469313240949
160 0.879988524328042
161 0.879509217891659
162 0.879031410989534
163 0.878556624722323
164 0.87808412048728
165 0.877612916510508
166 0.877142331932877
167 0.876674574593493
168 0.876207226018294
169 0.875737147893655
170 0.875270127113734
171 0.874806221268707
172 0.874342100016062
173 0.873881697491744
174 0.873419124396514
175 0.872960219225089
176 0.872502185543115
177 0.872046306670596
178 0.871590208163605
179 0.871134587355097
180 0.87067991022351
181 0.870227956520767
182 0.869776950456941
183 0.869327111413983
184 0.868881028695976
185 0.868433495181226
186 0.867986323986586
187 0.86753988697905
188 0.867096031725125
189 0.866653354483269
190 0.866208097861972
191 0.865767034529415
192 0.86532559774462
193 0.864884791538164
194 0.864442514156747
195 0.863999918126945
196 0.863558532615606
197 0.863118232109943
198 0.862678357228384
199 0.86224257121515
200 0.861808197948614
201 0.861373043897152
202 0.860938208069025
203 0.860502526251108
204 0.860069081388879
205 0.859635245817143
206 0.859201838459352
207 0.85876972442644
208 0.858338140242897
209 0.857907803861715
210 0.857478386185435
211 0.857051192243601
212 0.856622444075882
213 0.856197512204555
214 0.855773654575373
215 0.855351139930806
216 0.854928928841634
217 0.85450675752787
218 0.854084081451686
219 0.853660724842648
220 0.853238349839105
221 0.852815905784746
222 0.852393907860849
223 0.851972702568998
224 0.851554635999135
225 0.851137833794319
226 0.850723643849961
227 0.850309914682704
228 0.849897550774425
229 0.84948350566477
230 0.849068761388066
231 0.848655373252215
232 0.848242733150071
233 0.847832151920173
234 0.84742089918066
235 0.847010301167331
236 0.846600968461669
237 0.846193421716261
238 0.845787800075762
239 0.845382319790636
240 0.84497718640649
241 0.844572292652896
242 0.844168134533413
243 0.8437658637656
244 0.843365493561791
245 0.842965380814291
246 0.842564958482012
247 0.842164304461996
248 0.84176761489819
249 0.841372014676657
250 0.840974494874954
251 0.840574521016127
252 0.840175552181841
253 0.839775106099433
254 0.839375218693972
255 0.83897603476328
256 0.838576764235387
257 0.838177531453232
258 0.837781277974581
259 0.837385641879114
260 0.836992533555802
261 0.836600194232866
262 0.836208752280081
263 0.835818268180183
264 0.835428427567381
265 0.835039392036873
266 0.834652106035764
267 0.834263177349183
268 0.833877234041155
269 0.833493594309326
270 0.833108166937881
271 0.832722323004651
272 0.832335894947806
273 0.831953290377759
274 0.831572992044277
275 0.831191077604332
276 0.8308071148843
277 0.830425469369592
278 0.830044012820064
279 0.829666335417529
280 0.829288654947183
281 0.828910212288178
282 0.828530755770272
283 0.828155970699274
284 0.827780507337876
285 0.827403020961638
286 0.827026508639674
287 0.826652160160248
288 0.826276992550469
289 0.825905203772235
290 0.825532817215382
291 0.825159032495861
292 0.824786050602089
293 0.824413912262179
294 0.824042961360155
295 0.823671648142806
296 0.82329980758926
297 0.822930348314467
298 0.822559452212753
299 0.822190525007292
300 0.821820507635594
301 0.821451597408963
302 0.821082187881495
303 0.820714081890758
304 0.820351888085655
305 0.819989395088193
306 0.819628096004053
307 0.819265100309502
308 0.818901542278653
309 0.818539102471803
310 0.818176648821301
311 0.817814298743098
312 0.817454335837557
313 0.817097464817949
314 0.816741511185236
315 0.816381388163058
316 0.816022233218597
317 0.815664319447609
318 0.815309822291672
319 0.814957355509745
320 0.814604481957085
321 0.814251273899277
322 0.813897211126455
323 0.813543511478726
324 0.813188812286154
325 0.812834255322006
326 0.812482685090373
327 0.812130330867692
328 0.811782641312868
329 0.811435325458809
330 0.811086669304092
331 0.810739419222898
332 0.81039261367498
333 0.810043910902183
334 0.809693949692312
335 0.809345540392639
336 0.808999468247438
337 0.808654529524479
338 0.808311696239935
339 0.807966900486183
340 0.807620341127243
341 0.80727574059965
342 0.806930814732372
343 0.806588267666765
344 0.806247257769713
345 0.805905850314472
346 0.805563386900356
347 0.805221707641686
348 0.804879272747485
349 0.804536898063884
350 0.804194164432393
351 0.803852536888656
352 0.80351277160523
353 0.803169180818265
354 0.802827007822849
355 0.802486260388351
356 0.802145679859591
357 0.801802657243183
358 0.801460841323454
359 0.801121396009456
360 0.800781444204524
361 0.800440198925271
362 0.800101604521105
363 0.799763611258498
364 0.799423520216954
365 0.799083984632402
366 0.798745765864425
367 0.798411106022401
368 0.798074581086336
369 0.797739315832797
370 0.797402972042877
371 0.797066718054807
372 0.796730169566442
373 0.796395275739312
374 0.796058559512827
375 0.795725326325228
376 0.795393455190972
377 0.79505889782342
378 0.794726967562503
379 0.794394696691375
380 0.794062724214191
381 0.793730234629696
382 0.793397770674272
383 0.793065193139185
384 0.792733792212995
385 0.792403830842403
386 0.792076741751291
387 0.791749740889055
388 0.791420250600658
389 0.79109410173877
390 0.790766639244549
391 0.790440655540946
392 0.790114632459667
393 0.789788628960827
394 0.789463468670861
395 0.78913803461968
396 0.788813128331114
397 0.788489519183522
398 0.788165827158707
399 0.787841630014791
400 0.787518604796935
401 0.787192732699122
402 0.786867512223916
403 0.786545027580056
404 0.786223981974269
405 0.785904450612153
406 0.785582648168187
407 0.78526127746401
408 0.784939553257415
409 0.784619230603268
410 0.78429995122532
411 0.783981119760996
412 0.783662334434512
413 0.783344904778144
414 0.783027418855497
415 0.78270934087749
416 0.782392044414648
417 0.782075644408745
418 0.781758376595441
419 0.781443876247776
420 0.781128547818774
421 0.780811677885684
422 0.780494981300487
423 0.780180662119045
424 0.779865666050898
425 0.779553304791467
426 0.779239461198592
427 0.778924757732594
428 0.778607625666352
429 0.77828979731749
430 0.777971628064273
431 0.777656817901978
432 0.777342678131111
433 0.777027732881393
434 0.776713243322268
435 0.776400640660969
436 0.776087089224225
437 0.77577267472331
438 0.775458587144785
439 0.775145340397721
440 0.774832184673048
441 0.774518833716725
442 0.774204137741919
443 0.773890754272316
444 0.773576347000045
445 0.773264325449855
446 0.772954211303479
447 0.772642480701008
448 0.772331112079027
449 0.772019488048611
450 0.771707764873693
451 0.771396626297878
452 0.771084975949048
453 0.770774434531789
454 0.770463995106216
455 0.770152790306811
456 0.769841031704036
457 0.769528775930597
458 0.769216238989594
459 0.76890407041069
460 0.768592021627438
461 0.768281154937404
462 0.767972428400911
463 0.767666875821844
464 0.767361058496927
465 0.767056551529389
466 0.766749406289325
467 0.766442339779455
468 0.766137357876676
469 0.765833114269713
470 0.765528630566452
471 0.765223061436002
472 0.764916774200447
473 0.764610505440897
474 0.764303515980516
475 0.764000643264338
476 0.763697079347405
477 0.763394260991295
478 0.763090562288369
479 0.762788125552149
480 0.762484529781309
481 0.762179884360697
482 0.761877028318842
483 0.761574058747412
484 0.761270650027882
485 0.760969307621079
486 0.760667552469396
487 0.76036699538617
488 0.760066715471447
489 0.759765416053636
490 0.759463845136249
491 0.759162298065811
492 0.758863170564319
493 0.758564842274787
494 0.758267922283407
495 0.757971203765647
496 0.7576763353133
497 0.757379462604581
498 0.757082099496828
499 0.756785112586242
500 0.756488310073256
501 0.756193259848411
502 0.755899341783909
503 0.755600992516762
504 0.755304162899537
505 0.755009020010977
506 0.754715798703998
507 0.754421130970575
508 0.754127999250764
509 0.75383592278298
510 0.75354092634775
511 0.753247504695666
512 0.7529537146685
513 0.752662319550945
514 0.752370116309449
515 0.752077631744949
516 0.751786755185048
517 0.751497074247718
518 0.751206536279118
519 0.750917623266006
520 0.75062856771622
521 0.750339583037329
522 0.750049725863528
523 0.749756450476558
524 0.749463772631169
525 0.749170227229946
526 0.748875934526898
527 0.748583707180899
528 0.748291072630439
529 0.747998500484017
530 0.747707277317091
531 0.747418058558255
532 0.747127550436648
533 0.746836096353662
534 0.746545663611018
535 0.746256534843103
536 0.745966619740708
537 0.745676244957829
538 0.74538716903288
539 0.745097037127091
540 0.744807739088753
541 0.744518146394559
542 0.744230970237588
543 0.743943874669151
544 0.743657257372805
545 0.743368835353071
546 0.743080647178581
547 0.742792592772925
548 0.742504985929201
549 0.742218369164707
550 0.741929875666322
551 0.741641453890967
552 0.741353982192417
553 0.741066534531246
554 0.740780680364783
555 0.740492853364642
556 0.740207771209785
557 0.739923988391279
558 0.739638699970063
559 0.739352793911309
560 0.739067971290679
561 0.73878260884403
562 0.738496352096629
563 0.73821101057461
564 0.737925543288187
565 0.737643273768782
566 0.737358368015243
567 0.737074308879739
568 0.736788733703281
569 0.736503218098146
570 0.736218699771213
571 0.735935943619022
572 0.735651341225353
573 0.735366932451207
574 0.73508150826048
575 0.734799166071885
576 0.73451802097198
577 0.73423626960837
578 0.733954975446731
579 0.733674162088967
580 0.733394615326414
581 0.733114473946129
582 0.732834424384335
583 0.732554578217604
584 0.732277181538847
585 0.731998068198452
586 0.731720075953472
587 0.73144229044642
588 0.73116546335644
589 0.730889980294953
590 0.730614747829945
591 0.730337853303712
592 0.730060226859706
593 0.729782966132705
594 0.729507316094198
595 0.729230434053703
596 0.728954648947172
597 0.728676593350935
598 0.728396927080621
599 0.728118437736606
600 0.727844304849602
601 0.727569124112203
602 0.727296022772187
603 0.727021868759644
604 0.726749663231771
605 0.726475256201698
606 0.726202055037369
607 0.72593031878761
608 0.725656590020723
609 0.725384486969478
610 0.725111924848602
611 0.724838015258166
612 0.724563550444767
613 0.724289641411823
614 0.72401621062655
615 0.723742550605884
616 0.723468304029
617 0.723193071411615
618 0.722920920150762
619 0.722649022598816
620 0.722379535731221
621 0.722109325413905
622 0.721842278668405
623 0.721573884293232
624 0.721305079124656
625 0.721035530321578
626 0.72076793482083
627 0.720498818350796
628 0.720230574933464
629 0.719964175900644
630 0.719698952197689
631 0.719434539701479
632 0.719166873047344
633 0.718896160265599
634 0.718627259754838
635 0.718359872931142
636 0.718090159288821
637 0.717822657639086
638 0.717557865619806
639 0.717293314741098
640 0.717027436264975
641 0.716762479161282
642 0.716495482649453
643 0.71622662717827
644 0.715961043705276
645 0.71569709417062
646 0.715432322567206
647 0.715167959806118
648 0.714901052944017
649 0.714635035098587
650 0.714368781371377
651 0.71410335195076
652 0.713837984477647
653 0.713573407452341
654 0.713309250668024
655 0.713045197857036
656 0.71278021352499
657 0.712514628096498
658 0.712249948933238
659 0.711985482806275
660 0.71172140731221
661 0.711457803551776
662 0.711193552336389
663 0.710928252895629
664 0.710663619186464
665 0.710398386409037
666 0.710133545098672
667 0.709869821056643
668 0.709605978059963
669 0.709343948797806
670 0.709079285634855
671 0.708814857151608
672 0.708549684269214
673 0.708287451124849
674 0.708026551619488
675 0.707767068057508
676 0.707506852416307
677 0.707245136055778
678 0.706986251713009
679 0.706726599246882
680 0.706469365383259
681 0.706211840907698
682 0.705951241789487
683 0.705691452879957
684 0.705430152102687
685 0.705170110706829
686 0.704910047799475
687 0.704650527964387
688 0.704395352144485
689 0.704139755153958
690 0.703883606071258
691 0.703624331013137
692 0.70336623220801
693 0.703107695052905
694 0.7028519294081
695 0.702593037252033
696 0.702336471855606
697 0.702081257362991
698 0.701826503128912
699 0.701573914982713
700 0.701320109345606
701 0.70106502734589
702 0.700811237455701
703 0.700556257508514
704 0.700301203195533
705 0.700044372181845
706 0.699787206925191
707 0.699531359087677
708 0.69927471703618
709 0.699021993351563
710 0.698765763058632
711 0.698510691789927
712 0.698255960042462
713 0.698001729076485
714 0.697747801231994
715 0.697493466846188
716 0.697240432651978
717 0.696987547318994
718 0.696731031768405
719 0.696472733079575
720 0.696216938723627
721 0.695962580923782
722 0.695707193965597
723 0.695452781468641
724 0.69519845976197
725 0.69494540514544
726 0.694692465082658
727 0.694437814561728
728 0.694183330663062
729 0.693928257819669
730 0.693673070211881
731 0.693419625461084
732 0.693167943906616
733 0.692917123011827
734 0.692666097436351
735 0.692414756365409
736 0.692163499859409
737 0.691911825234961
738 0.69166232931961
739 0.691412880876105
740 0.691164650336738
741 0.69091561799983
742 0.690666622518897
743 0.69041705326199
744 0.690169760715579
745 0.689921074053789
746 0.689671624992204
747 0.689421219192013
748 0.689172450025802
749 0.6889234304221
750 0.688672899136735
751 0.688421738728608
752 0.688172609276179
753 0.687925245665593
754 0.687680389576635
755 0.687433828077195
756 0.687188973822508
757 0.686944609186167
758 0.686700467401049
759 0.686453745533831
760 0.686208036579833
761 0.685962235934775
762 0.685716095720757
763 0.685472380807018
764 0.685228448247825
765 0.684987185854089
766 0.684744307464294
767 0.684500004374342
768 0.68425729589687
769 0.684014320564679
770 0.683771540043626
771 0.683529729929203
772 0.683285432418708
773 0.683042377074318
774 0.682798066228121
775 0.682554705707533
776 0.682311294029843
777 0.682070885029674
778 0.681829634181635
779 0.681590300000619
780 0.681349338125484
781 0.68110905253063
782 0.680867264452807
783 0.680624804271178
784 0.680384049074166
785 0.680142150986867
786 0.679899362834216
787 0.679659598352638
788 0.679418577244794
789 0.679175995216616
790 0.678933017469322
791 0.678691863382469
792 0.678451617193072
793 0.678210918853594
794 0.677970751193447
795 0.677730416579631
796 0.677489883843952
797 0.677249044885329
798 0.677010211863689
799 0.676770424910772
800 0.676534346035474
801 0.676297433614582
802 0.676058954955528
803 0.675819953145279
804 0.675583090156241
805 0.675345299947023
806 0.67510637718914
807 0.674865379650503
808 0.67462570662144
809 0.674386856760969
810 0.674148034140294
811 0.673913498211384
812 0.673674291995114
813 0.673435123049595
814 0.673199862854323
815 0.672963402720656
816 0.672726882404766
817 0.672490400785161
818 0.672252905570676
819 0.672014016771379
820 0.671776067633
821 0.671538405027729
822 0.671303327479757
823 0.671071300290002
824 0.670837638597943
825 0.67059912907813
826 0.670363039219723
827 0.670129312804107
828 0.669894288149837
829 0.669660612021767
830 0.66942823270296
831 0.669196591630734
832 0.668964087745389
833 0.668732164567012
834 0.668500584150484
835 0.668267550194669
836 0.668035336213844
837 0.667805283189786
838 0.66757370815107
839 0.667343341707034
840 0.667113742748389
841 0.666884647232596
842 0.666654291744192
843 0.666424652048625
844 0.666194195532307
845 0.66596324146332
846 0.665733112811199
847 0.665503668944799
848 0.665270576519042
849 0.665036044931962
850 0.664802225997716
851 0.664569938210712
852 0.664337591609733
853 0.664104980107376
854 0.663871829757093
855 0.663637835508849
856 0.663406862546167
857 0.66317611320672
858 0.662944784362141
859 0.662712292482298
860 0.662481761767481
861 0.662252413947167
862 0.662021752721361
863 0.66179269782031
864 0.661565205119866
865 0.661336989275574
866 0.661107980018341
867 0.660880659057299
868 0.660652328798285
869 0.660423577755361
870 0.660194552638293
871 0.659964773850636
872 0.659735760212376
873 0.659502875822146
874 0.659270914519444
875 0.659040980235388
876 0.658811833344458
877 0.658581765173337
878 0.658352427063615
879 0.658124940676317
880 0.657899210235171
881 0.657673198338317
882 0.657447323805044
883 0.657221612851423
884 0.656993344963093
885 0.656767666309471
886 0.656541975801914
887 0.656317031366066
888 0.656091625993583
889 0.655865137287402
890 0.655638821525081
891 0.655412178448186
892 0.655182243011454
893 0.654954561966372
894 0.654727593819472
895 0.654502875776249
896 0.654276863715193
897 0.654048914657683
898 0.653819995202276
899 0.653590817935081
900 0.653363207612919
901 0.653137427825118
902 0.652910418575834
903 0.652684281962569
904 0.652458413592542
905 0.65223288906163
906 0.652007920188427
907 0.651781312523504
908 0.651557849389384
909 0.651333836275467
910 0.651108507696245
911 0.650883562384229
912 0.650657574265621
913 0.65043030828895
914 0.650202576691516
915 0.649975285913168
916 0.649746997507608
917 0.64951712609474
918 0.649289146412462
919 0.64906459018265
920 0.648838858953732
921 0.64861571410904
922 0.64839259063846
923 0.648168212899094
924 0.647941672997965
925 0.647716731505656
926 0.647491725397549
927 0.647268264426462
928 0.647047482284498
929 0.646823889847235
930 0.646601282685685
931 0.646377976245148
932 0.646155699234686
933 0.645933710685414
934 0.645712097447906
935 0.645491343778428
936 0.645270478285283
937 0.645049280104542
938 0.644826990219459
939 0.644603494851976
940 0.644380438652212
941 0.644157802335856
942 0.643933948497379
943 0.643712381644966
944 0.643489444328652
945 0.643264735831966
946 0.643038571643626
947 0.64281520957386
948 0.642590631472954
949 0.642365680508687
950 0.642140992736424
951 0.641917487546872
952 0.641693155582704
953 0.641473572874358
954 0.641254333334289
955 0.641036182052172
956 0.64081700071609
957 0.640596559255524
958 0.640375928250107
959 0.64015848008308
960 0.639940263167908
961 0.639718900289921
962 0.63949729142905
963 0.639275809934269
964 0.639055382274906
965 0.638837579204347
966 0.638619679794936
967 0.638401654862226
968 0.638183114808327
969 0.637961525596958
970 0.637739903058134
971 0.637519960286257
972 0.637301751692138
973 0.637082679822906
974 0.636862604297907
975 0.636643485798871
976 0.636423753581116
977 0.636204521491256
978 0.635985391178352
979 0.635763896011803
980 0.635544519967791
981 0.635327082562396
982 0.635109457317436
983 0.634891666195526
984 0.634674007443478
985 0.634457284236605
986 0.634239767840119
987 0.634022783582596
988 0.633805757476463
989 0.633587469227754
990 0.633370390667415
991 0.633153686191129
992 0.632936986220085
993 0.632721106819913
994 0.632506450538596
995 0.6322930414786
996 0.632078923001785
997 0.63186570300708
998 0.631651978070282
999 0.631437734694413
