1 0.963463032298244
2 0.963239379728202
3 0.963015779075535
4 0.962792230328193
5 0.962568733474125
6 0.962345288501285
7 0.962121895397631
8 0.961898554151121
9 0.961675264749719
10 0.961452027181387
11 0.961228841434096
12 0.961005707495814
13 0.960782625354516
14 0.960559594998178
15 0.960336616414778
16 0.960113689592298
17 0.959890814518724
18 0.959667991182041
19 0.959445219570241
20 0.959222499671316
21 0.958999831473262
22 0.958777214964077
23 0.958554650131763
24 0.958332136964323
25 0.958109675449765
26 0.957887265576097
27 0.957664907331333
28 0.957442600703488
29 0.957220345680579
30 0.956998142250628
31 0.956775990401657
32 0.956553890121694
33 0.956331841398767
34 0.956109844220907
35 0.955887898576151
36 0.955666004452534
37 0.955444161838098
38 0.955222370720885
39 0.955000631088941
40 0.954778942930315
41 0.954557306233057
42 0.954335720985222
43 0.954114187174867
44 0.953892704790051
45 0.953671273818837
46 0.95344989424929
47 0.953228566069477
48 0.95300728926747
49 0.952786063831342
50 0.952564889749169
51 0.95234376700903
52 0.952122695599007
53 0.951901675507185
54 0.95168070672165
55 0.951459789230493
56 0.951238923021807
57 0.951018108083686
58 0.950797344404231
59 0.950576631971541
60 0.950355970773721
61 0.950135360798877
62 0.949914802035119
63 0.949694294470558
64 0.94947383809331
65 0.949253432891493
66 0.949033078853226
67 0.948812775966634
68 0.948592524219841
69 0.948372323600977
70 0.948152174098174
71 0.947932075699564
72 0.947712028393286
73 0.94749203216748
74 0.947272087010287
75 0.947052192909852
76 0.946832349854325
77 0.946612557831854
78 0.946392816830596
79 0.946173126838704
80 0.945953487844338
81 0.945733899835661
82 0.945514362800836
83 0.945294876728031
84 0.945075441605415
85 0.944856057421162
86 0.944636724163447
87 0.944417441820448
88 0.944198210380346
89 0.943979029831325
90 0.943759900161571
91 0.943540821359273
92 0.943321793412624
93 0.943102816309818
94 0.942883890039053
95 0.942665014588528
96 0.942446189946446
97 0.942227416101013
98 0.942008693040438
99 0.941790020752932
100 0.941571399226708
101 0.941352828449983
102 0.941134308410976
103 0.94091583909791
104 0.940697420499009
105 0.940479052602501
106 0.940260735396615
107 0.940042468869586
108 0.939824253009648
109 0.93960608780504
110 0.939387973244003
111 0.939169909314782
112 0.938951896005622
113 0.938733933304773
114 0.938516021200488
115 0.93829815968102
116 0.938080348734628
117 0.937862588349572
118 0.937644878514115
119 0.937427219216523
120 0.937209610445063
121 0.936992052188007
122 0.93677454443363
123 0.936557087170207
124 0.936339680386018
125 0.936122324069345
126 0.935905018208473
127 0.93568776279169
128 0.935470557807285
129 0.935253403243551
130 0.935036299088784
131 0.934819245331283
132 0.934602241959348
133 0.934385288961284
134 0.934168386325396
135 0.933951534039995
136 0.933734732093391
137 0.9335179804739
138 0.933301279169839
139 0.933084628169528
140 0.93286802746129
141 0.932651477033451
142 0.932434976874338
143 0.932218526972282
144 0.932002127315618
145 0.931785777892681
146 0.93156947869181
147 0.931353229701348
148 0.931137030909638
149 0.930920882305029
150 0.930704783875869
151 0.930488735610511
152 0.930272737497311
153 0.930056789524626
154 0.929840891680818
155 0.929625043954249
156 0.929409246333286
157 0.929193498806297
158 0.928977801361654
159 0.928762153987732
160 0.928546556672906
161 0.928331009405557
162 0.928115512174067
163 0.927900064966821
164 0.927684667772206
165 0.927469320578613
166 0.927254023374435
167 0.927038776148068
168 0.92682357888791
169 0.926608431582362
170 0.926393334219828
171 0.926178286788715
172 0.925963289277432
173 0.925748341674391
174 0.925533443968006
175 0.925318596146694
176 0.925103798198876
177 0.924889050112975
178 0.924674351877415
179 0.924459703480625
180 0.924245104911035
181 0.924030556157079
182 0.923816057207193
183 0.923601608049816
184 0.923387208673389
185 0.923172859066356
186 0.922958559217164
187 0.922744309114263
188 0.922530108746105
189 0.922315958101144
190 0.922101857167839
191 0.921887805934649
192 0.921673804390038
193 0.921459852522471
194 0.921245950320415
195 0.921032097772344
196 0.920818294866729
197 0.920604541592047
198 0.920390837936777
199 0.920177183889401
200 0.919963579438403
201 0.919750024572269
202 0.919536519279491
203 0.91932306354856
204 0.919109657367971
205 0.918896300726221
206 0.918682993611812
207 0.918469736013246
208 0.918256527919028
209 0.918043369317668
210 0.917830260197676
211 0.917617200547566
212 0.917404190355854
213 0.917191229611059
214 0.916978318301703
215 0.91676545641631
216 0.916552643943408
217 0.916339880871526
218 0.916127167189196
219 0.915914502884953
220 0.915701887947335
221 0.915489322364883
222 0.915276806126139
223 0.915064339219649
224 0.914851921633961
225 0.914639553357626
226 0.914427234379198
227 0.914214964687233
228 0.914002744270291
229 0.913790573116931
230 0.91357845121572
231 0.913366378555224
232 0.913154355124012
233 0.912942380910656
234 0.912730455903732
235 0.912518580091816
236 0.91230675346349
237 0.912094976007336
238 0.911883247711939
239 0.911671568565887
240 0.911459938557772
241 0.911248357676186
242 0.911036825909726
243 0.910825343246991
244 0.910613909676581
245 0.910402525187101
246 0.910191189767157
247 0.909979903405359
248 0.909768666090319
249 0.909557477810651
250 0.909346338554972
251 0.909135248311903
252 0.908924207070065
253 0.908713214818085
254 0.908502271544589
255 0.908291377238208
256 0.908080531887575
257 0.907869735481327
258 0.9076589880081
259 0.907448289456537
260 0.907237639815281
261 0.907027039072978
262 0.906816487218277
263 0.906605984239829
264 0.906395530126289
265 0.906185124866314
266 0.905974768448562
267 0.905764460861697
268 0.905554202094382
269 0.905343992135285
270 0.905133830973076
271 0.904923718596427
272 0.904713654994014
273 0.904503640154515
274 0.90429367406661
275 0.904083756718982
276 0.903873888100316
277 0.903664068199302
278 0.90345429700463
279 0.903244574504994
280 0.90303490068909
281 0.902825275545616
282 0.902615699063275
283 0.902406171230771
284 0.902196692036809
285 0.9019872614701
286 0.901777879519355
287 0.901568546173289
288 0.90135926142062
289 0.901150025250066
290 0.900940837650351
291 0.9007316986102
292 0.900522608118339
293 0.9003135661635
294 0.900104572734416
295 0.899895627819821
296 0.899686731408454
297 0.899477883489056
298 0.899269084050371
299 0.899060333081143
300 0.898851630570122
301 0.898642976506059
302 0.898434370877708
303 0.898225813673824
304 0.898017304883168
305 0.897808844494501
306 0.897600432496587
307 0.897392068878193
308 0.897183753628088
309 0.896975486735044
310 0.896767268187837
311 0.896559097975243
312 0.896350976086043
313 0.896142902509018
314 0.895934877232954
315 0.895726900246639
316 0.895518971538863
317 0.895311091098418
318 0.895103258914101
319 0.894895474974709
320 0.894687739269044
321 0.894480051785908
322 0.894272412514107
323 0.89406482144245
324 0.893857278559748
325 0.893649783854815
326 0.893442337316467
327 0.893234938933522
328 0.893027588694804
329 0.892820286589134
330 0.892613032605341
331 0.892405826732253
332 0.892198668958702
333 0.891991559273523
334 0.891784497665553
335 0.891577484123632
336 0.891370518636601
337 0.891163601193305
338 0.890956731782593
339 0.890749910393313
340 0.890543137014319
341 0.890336411634466
342 0.89012973424261
343 0.889923104827614
344 0.88971652337834
345 0.889509989883653
346 0.889303504332421
347 0.889097066713515
348 0.888890677015808
349 0.888684335228177
350 0.888478041339499
351 0.888271795338657
352 0.888065597214532
353 0.887859446956012
354 0.887653344551984
355 0.887447289991342
356 0.887241283262978
357 0.887035324355789
358 0.886829413258674
359 0.886623549960534
360 0.886417734450275
361 0.886211966716802
362 0.886006246749026
363 0.885800574535857
364 0.885594950066211
365 0.885389373329005
366 0.885183844313159
367 0.884978363007593
368 0.884772929401235
369 0.88456754348301
370 0.884362205241849
371 0.884156914666684
372 0.883951671746451
373 0.883746476470087
374 0.883541328826532
375 0.883336228804729
376 0.883131176393624
377 0.882926171582164
378 0.8827212143593
379 0.882516304713985
380 0.882311442635175
381 0.882106628111828
382 0.881901861132904
383 0.881697141687367
384 0.881492469764183
385 0.881287845352321
386 0.88108326844075
387 0.880878739018446
388 0.880674257074383
389 0.880469822597541
390 0.880265435576901
391 0.880061096001446
392 0.879856803860163
393 0.879652559142042
394 0.879448361836072
395 0.87924421193125
396 0.87904010941657
397 0.878836054281032
398 0.878632046513638
399 0.878428086103393
400 0.878224173039302
401 0.878020307310375
402 0.877816488905625
403 0.877612717814065
404 0.877408994024712
405 0.877205317526587
406 0.877001688308711
407 0.876798106360109
408 0.876594571669807
409 0.876391084226837
410 0.87618764402023
411 0.87598425103902
412 0.875780905272246
413 0.875577606708947
414 0.875374355338166
415 0.875171151148947
416 0.874967994130338
417 0.87476488427139
418 0.874561821561155
419 0.874358805988688
420 0.874155837543047
421 0.873952916213292
422 0.873750041988486
423 0.873547214857694
424 0.873344434809984
425 0.873141701834427
426 0.872939015920095
427 0.872736377056064
428 0.872533785231412
429 0.87233124043522
430 0.872128742656571
431 0.871926291884549
432 0.871723888108245
433 0.871521531316747
434 0.871319221499149
435 0.871116958644548
436 0.870914742742042
437 0.87071257378073
438 0.870510451749717
439 0.870308376638108
440 0.870106348435013
441 0.869904367129541
442 0.869702432710806
443 0.869500545167925
444 0.869298704490016
445 0.869096910666199
446 0.868895163685599
447 0.868693463537341
448 0.868491810210554
449 0.86829020369437
450 0.868088643977921
451 0.867887131050345
452 0.867685664900779
453 0.867484245518366
454 0.867282872892248
455 0.867081547011572
456 0.866880267865488
457 0.866679035443145
458 0.866477849733698
459 0.866276710726304
460 0.866075618410121
461 0.865874572774311
462 0.865673573808037
463 0.865472621500466
464 0.865271715840767
465 0.865070856818111
466 0.864870044421672
467 0.864669278640627
468 0.864468559464155
469 0.864267886881437
470 0.864067260881657
471 0.863866681454001
472 0.86366614858766
473 0.863465662271823
474 0.863265222495686
475 0.863064829248445
476 0.862864482519299
477 0.862664182297449
478 0.862463928572099
479 0.862263721332457
480 0.862063560567731
481 0.861863446267133
482 0.861663378419877
483 0.861463357015179
484 0.861263382042258
485 0.861063453490337
486 0.860863571348639
487 0.860663735606392
488 0.860463946252823
489 0.860264203277164
490 0.860064506668651
491 0.859864856416518
492 0.859665252510007
493 0.859465694938357
494 0.859266183690813
495 0.859066718756622
496 0.858867300125033
497 0.858667927785298
498 0.85846860172667
499 0.858269321938405
500 0.858070088409765
501 0.857870901130008
502 0.857671760088401
503 0.857472665274209
504 0.857273616676701
505 0.85707461428515
506 0.856875658088828
507 0.856676748077012
508 0.856477884238983
509 0.85627906656402
510 0.856080295041408
511 0.855881569660433
512 0.855682890410385
513 0.855484257280554
514 0.855285670260236
515 0.855087129338725
516 0.854888634505321
517 0.854690185749326
518 0.854491783060043
519 0.854293426426779
520 0.854095115838842
521 0.853896851285544
522 0.853698632756199
523 0.853500460240122
524 0.853302333726633
525 0.853104253205053
526 0.852906218664705
527 0.852708230094916
528 0.852510287485015
529 0.852312390824332
530 0.852114540102201
531 0.851916735307958
532 0.851718976430942
533 0.851521263460495
534 0.851323596385958
535 0.851125975196679
536 0.850928399882006
537 0.850730870431289
538 0.850533386833883
539 0.850335949079143
540 0.850138557156427
541 0.849941211055097
542 0.849743910764515
543 0.849546656274048
544 0.849349447573063
545 0.849152284650932
546 0.848955167497027
547 0.848758096100724
548 0.848561070451401
549 0.848364090538439
550 0.848167156351221
551 0.847970267879132
552 0.847773425111561
553 0.847576628037897
554 0.847379876647534
555 0.847183170929866
556 0.846986510874293
557 0.846789896470213
558 0.84659332770703
559 0.846396804574149
560 0.846200327060978
561 0.846003895156927
562 0.845807508851407
563 0.845611168133835
564 0.845414872993628
565 0.845218623420205
566 0.84502241940299
567 0.844826260931407
568 0.844630147994883
569 0.844434080582848
570 0.844238058684734
571 0.844042082289976
572 0.843846151388012
573 0.843650265968279
574 0.843454426020222
575 0.843258631533284
576 0.843062882496912
577 0.842867178900555
578 0.842671520733665
579 0.842475907985697
580 0.842280340646108
581 0.842084818704356
582 0.841889342149902
583 0.841693910972212
584 0.841498525160752
585 0.84130318470499
586 0.841107889594398
587 0.84091263981845
588 0.840717435366622
589 0.840522276228393
590 0.840327162393244
591 0.840132093850658
592 0.839937070590122
593 0.839742092601125
594 0.839547159873156
595 0.83935227239571
596 0.839157430158282
597 0.838962633150371
598 0.838767881361477
599 0.838573174781103
600 0.838378513398755
601 0.838183897203941
602 0.837989326186172
603 0.83779480033496
604 0.83760031963982
605 0.83740588409027
606 0.837211493675831
607 0.837017148386025
608 0.836822848210377
609 0.836628593138415
610 0.836434383159668
611 0.836240218263669
612 0.836046098439952
613 0.835852023678055
614 0.835657993967518
615 0.835464009297881
616 0.835270069658691
617 0.835076175039493
618 0.834882325429838
619 0.834688520819276
620 0.834494761197363
621 0.834301046553654
622 0.834107376877708
623 0.833913752159088
624 0.833720172387357
625 0.833526637552081
626 0.833333147642829
627 0.833139702649172
628 0.832946302560683
629 0.83275294736694
630 0.832559637057519
631 0.832366371622003
632 0.832173151049973
633 0.831979975331017
634 0.831786844454721
635 0.831593758410677
636 0.831400717188476
637 0.831207720777716
638 0.831014769167993
639 0.830821862348907
640 0.830629000310061
641 0.83043618304106
642 0.830243410531512
643 0.830050682771026
644 0.829857999749215
645 0.829665361455692
646 0.829472767880076
647 0.829280219011985
648 0.829087714841042
649 0.82889525535687
650 0.828702840549097
651 0.828510470407351
652 0.828318144921264
653 0.82812586408047
654 0.827933627874606
655 0.827741436293309
656 0.827549289326221
657 0.827357186962986
658 0.827165129193249
659 0.826973116006659
660 0.826781147392866
661 0.826589223341525
662 0.826397343842289
663 0.826205508884817
664 0.82601371845877
665 0.825821972553811
666 0.825630271159603
667 0.825438614265816
668 0.825247001862118
669 0.825055433938182
670 0.824863910483684
671 0.824672431488299
672 0.824480996941708
673 0.824289606833592
674 0.824098261153637
675 0.823906959891528
676 0.823715703036954
677 0.823524490579607
678 0.823333322509182
679 0.823142198815374
680 0.822951119487881
681 0.822760084516406
682 0.822569093890651
683 0.822378147600323
684 0.822187245635129
685 0.821996387984781
686 0.82180557463899
687 0.821614805587474
688 0.821424080819948
689 0.821233400326135
690 0.821042764095755
691 0.820852172118535
692 0.820661624384201
693 0.820471120882483
694 0.820280661603114
695 0.820090246535827
696 0.81989987567036
697 0.819709548996451
698 0.819519266503844
699 0.81932902818228
700 0.819138834021508
701 0.818948684011276
702 0.818758578141334
703 0.818568516401437
704 0.81837849878134
705 0.818188525270801
706 0.817998595859582
707 0.817808710537445
708 0.817618869294156
709 0.817429072119483
710 0.817239319003195
711 0.817049609935065
712 0.816859944904869
713 0.816670323902383
714 0.816480746917388
715 0.816291213939664
716 0.816101724958997
717 0.815912279965174
718 0.815722878947983
719 0.815533521897216
720 0.815344208802667
721 0.815154939654133
722 0.814965714441411
723 0.814776533154303
724 0.814587395782612
725 0.814398302316145
726 0.814209252744708
727 0.814020247058113
728 0.813831285246173
729 0.813642367298702
730 0.813453493205518
731 0.813264662956441
732 0.813075876541294
733 0.8128871339499
734 0.812698435172088
735 0.812509780197686
736 0.812321169016526
737 0.812132601618443
738 0.811944077993272
739 0.811755598130852
740 0.811567162021026
741 0.811378769653635
742 0.811190421018527
743 0.811002116105549
744 0.810813854904552
745 0.810625637405389
746 0.810437463597916
747 0.810249333471989
748 0.810061247017469
749 0.809873204224218
750 0.809685205082102
751 0.809497249580987
752 0.809309337710742
753 0.80912146946124
754 0.808933644822354
755 0.808745863783961
756 0.80855812633594
757 0.808370432468172
758 0.808182782170541
759 0.807995175432932
760 0.807807612245234
761 0.807620092597337
762 0.807432616479134
763 0.807245183880521
764 0.807057794791395
765 0.806870449201656
766 0.806683147101206
767 0.806495888479951
768 0.806308673327796
769 0.806121501634652
770 0.80593437339043
771 0.805747288585044
772 0.805560247208411
773 0.805373249250449
774 0.805186294701078
775 0.804999383550224
776 0.804812515787811
777 0.804625691403767
778 0.804438910388023
779 0.804252172730512
780 0.804065478421168
781 0.80387882744993
782 0.803692219806736
783 0.803505655481529
784 0.803319134464253
785 0.803132656744855
786 0.802946222313285
787 0.802759831159493
788 0.802573483273433
789 0.802387178645062
790 0.802200917264337
791 0.802014699121221
792 0.801828524205674
793 0.801642392507664
794 0.801456304017158
795 0.801270258724125
796 0.801084256618539
797 0.800898297690374
798 0.800712381929607
799 0.800526509326217
800 0.800340679870186
801 0.800154893551499
802 0.799969150360141
803 0.799783450286101
804 0.79959779331937
805 0.799412179449942
806 0.799226608667812
807 0.799041080962978
808 0.798855596325441
809 0.798670154745202
810 0.798484756212268
811 0.798299400716644
812 0.798114088248342
813 0.797928818797372
814 0.797743592353749
815 0.79755840890749
816 0.797373268448613
817 0.797188170967139
818 0.797003116453092
819 0.796818104896498
820 0.796633136287385
821 0.796448210615783
822 0.796263327871725
823 0.796078488045246
824 0.795893691126384
825 0.795708937105178
826 0.795524225971669
827 0.795339557715904
828 0.795154932327927
829 0.794970349797788
830 0.794785810115539
831 0.794601313271232
832 0.794416859254923
833 0.794232448056672
834 0.794048079666538
835 0.793863754074583
836 0.793679471270874
837 0.793495231245477
838 0.793311033988463
839 0.793126879489903
840 0.792942767739871
841 0.792758698728444
842 0.792574672445701
843 0.792390688881724
844 0.792206748026595
845 0.792022849870401
846 0.79183899440323
847 0.791655181615171
848 0.791471411496319
849 0.791287684036767
850 0.791103999226614
851 0.790920357055958
852 0.790736757514903
853 0.790553200593551
854 0.790369686282009
855 0.790186214570387
856 0.790002785448796
857 0.789819398907348
858 0.789636054936159
859 0.789452753525349
860 0.789269494665035
861 0.789086278345343
862 0.788903104556395
863 0.78871997328832
864 0.788536884531247
865 0.788353838275307
866 0.788170834510635
867 0.787987873227368
868 0.787804954415642
869 0.7876220780656
870 0.787439244167385
871 0.787256452711142
872 0.787073703687019
873 0.786890997085166
874 0.786708332895735
875 0.786525711108882
876 0.786343131714762
877 0.786160594703536
878 0.785978100065364
879 0.78579564779041
880 0.785613237868841
881 0.785430870290825
882 0.785248545046532
883 0.785066262126135
884 0.78488402151981
885 0.784701823217734
886 0.784519667210087
887 0.78433755348705
888 0.784155482038808
889 0.783973452855548
890 0.783791465927458
891 0.78360952124473
892 0.783427618797557
893 0.783245758576135
894 0.783063940570661
895 0.782882164771336
896 0.782700431168363
897 0.782518739751946
898 0.782337090512292
899 0.78215548343961
900 0.781973918524113
901 0.781792395756014
902 0.78161091512553
903 0.781429476622878
904 0.781248080238279
905 0.781066725961956
906 0.780885413784136
907 0.780704143695044
908 0.780522915684911
909 0.780341729743969
910 0.780160585862453
911 0.779979484030598
912 0.779798424238644
913 0.779617406476831
914 0.779436430735404
915 0.779255497004607
916 0.779074605274689
917 0.7788937555359
918 0.778712947778492
919 0.77853218199272
920 0.77835145816884
921 0.778170776297113
922 0.7779901363678
923 0.777809538371164
924 0.777628982297471
925 0.777448468136989
926 0.77726799587999
927 0.777087565516746
928 0.776907177037532
929 0.776726830432624
930 0.776546525692304
931 0.776366262806852
932 0.776186041766552
933 0.776005862561692
934 0.775825725182559
935 0.775645629619445
936 0.775465575862641
937 0.775285563902445
938 0.775105593729153
939 0.774925665333065
940 0.774745778704483
941 0.774565933833712
942 0.774386130711058
943 0.774206369326829
944 0.774026649671338
945 0.773846971734898
946 0.773667335507824
947 0.773487740980433
948 0.773308188143046
949 0.773128676985986
950 0.772949207499576
951 0.772769779674144
952 0.772590393500019
953 0.772411048967532
954 0.772231746067017
955 0.772052484788808
956 0.771873265123246
957 0.771694087060669
958 0.77151495059142
959 0.771335855705845
960 0.771156802394289
961 0.770977790647103
962 0.770798820454638
963 0.770619891807247
964 0.770441004695287
965 0.770262159109116
966 0.770083355039093
967 0.769904592475583
968 0.769725871408949
969 0.76954719182956
970 0.769368553727783
971 0.769189957093992
972 0.76901140191856
973 0.768832888191862
974 0.768654415904278
975 0.768475985046188
976 0.768297595607974
977 0.768119247580022
978 0.76794094095272
979 0.767762675716455
980 0.767584451861621
981 0.767406269378611
982 0.767228128257821
983 0.767050028489651
984 0.766871970064499
985 0.76669395297277
986 0.766515977204869
987 0.766338042751202
988 0.766160149602179
989 0.765982297748213
990 0.765804487179716
991 0.765626717887106
992 0.765448989860801
993 0.765271303091222
994 0.76509365756879
995 0.764916053283933
996 0.764738490227076
997 0.76456096838865
998 0.764383487759085
999 0.764206048328818
