1 0.971358857354019
2 0.951701632203121
3 0.936271296204872
4 0.923142239619523
5 0.911411868567478
6 0.900679206897966
7 0.890626517636815
8 0.881094678250065
9 0.871983686393005
10 0.863212656667131
11 0.854748527842255
12 0.846528595751976
13 0.838571097845682
14 0.830853575003869
15 0.823317194822468
16 0.815950930839515
17 0.808748580044083
18 0.801720051368574
19 0.794859252979842
20 0.788126109815347
21 0.781521874520492
22 0.775037866065277
23 0.768673510009622
24 0.762400148370467
25 0.756267641370061
26 0.750272947410116
27 0.744336669135642
28 0.738518916808079
29 0.732783743922631
30 0.727165766318297
31 0.721613083245291
32 0.716188141071892
33 0.710805573566601
34 0.705476311061606
35 0.70023101357262
36 0.695065009267509
37 0.689966410747398
38 0.684917165257149
39 0.679932078326514
40 0.674984454897992
41 0.670127379328225
42 0.665342239047919
43 0.660628554495691
44 0.65598891379343
45 0.651381038297377
46 0.646859588109825
47 0.642351271841286
48 0.637864499622344
49 0.633442077106991
50 0.629045298086953
51 0.624712477603599
52 0.620458763481987
53 0.616202283529934
54 0.612026666350165
55 0.607869929525538
56 0.603807927996405
57 0.599743804947723
58 0.595703672937987
59 0.591719059109608
60 0.587737502420836
61 0.583820709910517
62 0.579914916662609
63 0.576013032261915
64 0.572169577741727
65 0.5683773120727
66 0.564624978084826
67 0.560920524576153
68 0.557296329648702
69 0.553670531909069
70 0.550052829196506
71 0.546427697620766
72 0.542889461749902
73 0.539343112390502
74 0.535852302746269
75 0.532398784541149
76 0.528936813442665
77 0.525523629709346
78 0.522146731419209
79 0.518810862331459
80 0.515497951450915
81 0.512243028157987
82 0.509009163017324
83 0.505771461247297
84 0.502555629223778
85 0.499369868705055
86 0.496208768681587
87 0.493059011827245
88 0.489963772756068
89 0.486884118917385
90 0.483810092247583
91 0.480745127991118
92 0.477724875257829
93 0.474718202039523
94 0.47169828603628
95 0.468736010523549
96 0.465775780531177
97 0.462866473685977
98 0.459998322230924
99 0.457143760232855
100 0.454301891752725
101 0.451470455217977
102 0.448644256134526
103 0.445820261928433
104 0.443028537912941
105 0.440240199926457
106 0.437488292804816
107 0.434750868669357
108 0.432073545129807
109 0.429421345728702
110 0.426813649606096
111 0.424219897128486
112 0.421627118196912
113 0.419032539137767
114 0.416462762344785
115 0.413910669753989
116 0.411392518353418
117 0.408881497196956
118 0.406386289096444
119 0.403928351415207
120 0.401505400603326
121 0.399088316248136
122 0.396651635804164
123 0.394197657756928
124 0.391769792228569
125 0.389370408295672
126 0.386989639862657
127 0.384619011906454
128 0.38227117823041
129 0.379981148183942
130 0.377680423245688
131 0.37539654103346
132 0.373150266218908
133 0.370906349569308
134 0.368662138484421
135 0.366431090671838
136 0.36425008256354
137 0.362032305188132
138 0.359818460058509
139 0.357636525713003
140 0.355461446469236
141 0.353302436905357
142 0.35116586412376
143 0.349059425484829
144 0.346966986537036
145 0.344866749518762
146 0.342803039705072
147 0.340739990012769
148 0.338702599415784
149 0.336683415993866
150 0.334660047874225
151 0.332607065390443
152 0.330588394668287
153 0.328585125571371
154 0.326632025050791
155 0.324650833061612
156 0.322697112127325
157 0.320751739626261
158 0.318782570503208
159 0.3168382421791
160 0.314937456984576
161 0.313044598512232
162 0.311176890698455
163 0.309316590365418
164 0.30745790254115
165 0.305616607512441
166 0.303784533392619
167 0.301956544806384
168 0.300151421560191
169 0.298366299850601
170 0.296586092384175
171 0.294804791838015
172 0.293023729463816
173 0.291258140104906
174 0.289527972039754
175 0.287810308767305
176 0.28611048868815
177 0.284418040145025
178 0.282720994094513
179 0.281031442104315
180 0.279338938703557
181 0.277679616768608
182 0.27604963369634
183 0.274410604090938
184 0.272767599435278
185 0.271107444421422
186 0.269479708868281
187 0.267869743678979
188 0.26625920089228
189 0.264657289335724
190 0.263082853282296
191 0.261517481861189
192 0.259979361651035
193 0.258412807208233
194 0.256868994039816
195 0.255330412318214
196 0.253785032820949
197 0.252293167643644
198 0.25080609866284
199 0.249329288000387
200 0.247857231332794
201 0.246403454959233
202 0.244955998117517
203 0.243511698103974
204 0.242065207935175
205 0.240636154540311
206 0.239197863779331
207 0.237786994302639
208 0.236391913831065
209 0.234978180941597
210 0.233561430850843
211 0.232138110238721
212 0.230722294574328
213 0.229309730045409
214 0.227909160161112
215 0.226527607621165
216 0.225148733678517
217 0.223791250067037
218 0.222417592128497
219 0.221068331840446
220 0.219740766717846
221 0.218442013112529
222 0.217130001951965
223 0.215801461952288
224 0.214486657503031
225 0.213202079049127
226 0.211916197520394
227 0.210630499509998
228 0.209356095254653
229 0.20807288477344
230 0.206830020357714
231 0.205583195206274
232 0.204377384318732
233 0.203161318255068
234 0.201932893219003
235 0.200697313012376
236 0.199482661016475
237 0.19827104482079
238 0.197056858192568
239 0.195882019288506
240 0.194709726363876
241 0.193518316483802
242 0.192371583571582
243 0.191202351856157
244 0.190065542838687
245 0.188936997837853
246 0.187787791056619
247 0.186648450081595
248 0.185508188146627
249 0.184374713940716
250 0.183266661163856
251 0.182175260837889
252 0.181092460945594
253 0.179995505404459
254 0.178898123339901
255 0.177776965894916
256 0.176679737274636
257 0.175606286004346
258 0.174562508415014
259 0.173517861025899
260 0.172479771786594
261 0.171447350759721
262 0.170416817659124
263 0.169372192691953
264 0.168334015527172
265 0.167302548290571
266 0.166301993595402
267 0.16533170220952
268 0.164357912804944
269 0.163378367066553
270 0.162435055835648
271 0.161490712710284
272 0.160550038403452
273 0.159630495715071
274 0.158712724919335
275 0.157793592350323
276 0.156885035092621
277 0.155995254370608
278 0.155093346635352
279 0.154181495890515
280 0.153294831697801
281 0.152414976273705
282 0.151584841301596
283 0.150721013217697
284 0.149875347875108
285 0.149033193381835
286 0.148170761607993
287 0.147325144962602
288 0.146454501986036
289 0.145597240245167
290 0.144773360691631
291 0.143948117192176
292 0.143139105959384
293 0.142315097253028
294 0.141521739424519
295 0.140722984175328
296 0.139908114434905
297 0.139143857204513
298 0.138380040434663
299 0.137607010064354
300 0.136847086754965
301 0.136070720072057
302 0.135244755633135
303 0.134428737001724
304 0.133641558510275
305 0.132854742904286
306 0.132042270218953
307 0.131249324267617
308 0.130472928551826
309 0.129720202662264
310 0.128958539734031
311 0.128196320435333
312 0.127440436718669
313 0.126699341595216
314 0.125957407554433
315 0.125230584131734
316 0.124523931557183
317 0.123813139287024
318 0.123135278319739
319 0.122468610046008
320 0.121769927880721
321 0.121076409525576
322 0.120408274459856
323 0.119728375261439
324 0.119046057877007
325 0.118346623798677
326 0.117640704713146
327 0.116947504443676
328 0.116273213022734
329 0.115629541625678
330 0.114991564701142
331 0.114381787908622
332 0.113781620671937
333 0.113192404497313
334 0.112580163362854
335 0.111982320763502
336 0.111358887223014
337 0.110740996196091
338 0.110112397122637
339 0.109494556869216
340 0.10884490547865
341 0.108202055395466
342 0.107569617118805
343 0.10691547480738
344 0.106266622490817
345 0.10561771788192
346 0.104976005417226
347 0.104343704596413
348 0.103719878476245
349 0.103119014611731
350 0.102496723140616
351 0.101900395517056
352 0.101314180818768
353 0.100724110151245
354 0.100122328514033
355 0.0995346126877849
356 0.0989649290100399
357 0.0984025626775913
358 0.0978556071102175
359 0.0973110707731294
360 0.0967517793127797
361 0.0961868953215708
362 0.0956260565072914
363 0.0950546538643596
364 0.0945215415523963
365 0.0940241559556952
366 0.0934885525582279
367 0.0929432726966326
368 0.0924038422083085
369 0.0918874261443194
370 0.0913711340167867
371 0.0908714304565663
372 0.0903450746021687
373 0.0898076516601081
374 0.0892606672529896
375 0.0887635333205403
376 0.0882187943425961
377 0.0876992768743043
378 0.0871834256279101
379 0.0866910221124928
380 0.0862051956395859
381 0.0857053117542981
382 0.0852151890493006
383 0.0847487421764575
384 0.084255347078536
385 0.0837684919267402
386 0.0832736764412726
387 0.0828001368433467
388 0.0823220377331307
389 0.0818567968551135
390 0.0813949112216318
391 0.0809311164947775
392 0.080468943361833
393 0.0799993869199544
394 0.0795252317750295
395 0.0790534460366651
396 0.0786039458814102
397 0.0781718455022793
398 0.0777599214410552
399 0.0773482905865023
400 0.0769418111273474
401 0.0765412017515098
402 0.0761588322619973
403 0.0757574794320906
404 0.0753516623456743
405 0.0749750967667844
406 0.0745913631994586
407 0.0742136877120958
408 0.0738197109174616
409 0.0734298047547573
410 0.0730534293395833
411 0.0726643303466969
412 0.0722602052074122
413 0.0718645200822993
414 0.0714697399458387
415 0.0710732753133621
416 0.0706721049945354
417 0.0703033041406742
418 0.0699513900044481
419 0.0695701082662439
420 0.0692449595006827
421 0.0689372958034844
422 0.0686035645938161
423 0.0682548991137221
424 0.0679369951069431
425 0.0676207489856987
426 0.0673009901563262
427 0.0669808594516329
428 0.0666699920656924
429 0.0663718536119192
430 0.0660523281796788
431 0.0657093935774432
432 0.0654090025517197
433 0.0650585043260733
434 0.0647039803300554
435 0.0643743330024355
436 0.064059356366516
437 0.0637740393304007
438 0.0634721042209119
439 0.0632072820186034
440 0.0629193172141592
441 0.0626156327367415
442 0.0623119237401531
443 0.0620262509051772
444 0.0617184568179196
445 0.0614316904256605
446 0.0611352937118993
447 0.0608448924777923
448 0.0605599152461156
449 0.0602596597190218
450 0.0599337098131767
451 0.0596232998507722
452 0.0593229377263915
453 0.0590377470785232
454 0.0587468788812907
455 0.0584599867909348
456 0.0581626348785243
457 0.0578909834056281
458 0.057607731788007
459 0.0573447540287187
460 0.0570756611227409
461 0.0568339178620401
462 0.0566022596831784
463 0.0563643061273536
464 0.0561253331934615
465 0.0558703078478357
466 0.0556138381327854
467 0.0553670725560759
468 0.0550881020185056
469 0.0548085956353999
470 0.0544959915110044
471 0.054191604931229
472 0.0538992872708357
473 0.0536148225604112
474 0.0533240679805509
475 0.0530398305001077
476 0.0527797917193863
477 0.0525086476158058
478 0.0522593987950563
479 0.0519889482559763
480 0.0517184546693935
481 0.0514622472558026
482 0.0512125347586116
483 0.0509460007132619
484 0.050671655141967
485 0.0504143356804118
486 0.0501716638983257
487 0.0499217590328557
488 0.0496923519308095
489 0.0494533621424094
490 0.0492174688413462
491 0.0490001449262706
492 0.0487573879101817
493 0.0485170767156931
494 0.0482721329254827
495 0.0480446371698528
496 0.0477899376885028
497 0.0475563564381063
498 0.0473230926219865
499 0.0470818570298517
500 0.0468487271146696
501 0.0466168292970675
502 0.0463748742104348
503 0.0461502934103183
504 0.045959045483048
505 0.0457527866364679
506 0.0455589768725774
507 0.0453370811592121
508 0.0450944500037295
509 0.0448650210895463
510 0.0446390758815792
511 0.0444444220550209
512 0.0442291925823674
513 0.0440298359184611
514 0.0438283576372755
515 0.043607006046619
516 0.0433905929882147
517 0.0432003039025671
518 0.0430014755676034
519 0.0427808604662806
520 0.0425714197159198
521 0.0423307248081013
522 0.042126962614031
523 0.0419206864566134
524 0.04171533292613
525 0.0414856038028059
526 0.0412778436415053
527 0.041098533644962
528 0.040929695182199
529 0.0407094830486467
530 0.0404969709422576
531 0.0402607838872129
532 0.0400328225176082
533 0.0398302938314978
534 0.0395980012218926
535 0.0393751903788818
536 0.0391315144558418
537 0.0389139423128059
538 0.0387054210453397
539 0.038487115494245
540 0.0382873670791252
541 0.0380889903706025
542 0.0379023007279052
543 0.0377026424490026
544 0.0375133585528554
545 0.0373034372706819
546 0.0370967776182572
547 0.0369070450159334
548 0.0367169711163251
549 0.0365317068559383
550 0.03636876474061
551 0.0362087345274936
552 0.0360568054444903
553 0.0359000935647017
554 0.0357572612864597
555 0.035596995736725
556 0.0354407243409917
557 0.0352407807078139
558 0.0350407291537263
559 0.0348578911804178
560 0.0346366925458267
561 0.0344250483514925
562 0.0342454731711404
563 0.0340492661402581
564 0.0338428286699981
565 0.03365507821461
566 0.0334491991312017
567 0.0332540544018512
568 0.0330727239086806
569 0.0328839930419212
570 0.0326786377612267
571 0.0324596892321684
572 0.0322381271228724
573 0.032022115684553
574 0.0318195512824743
575 0.0316172812770408
576 0.0314421977502138
577 0.0312500717146494
578 0.0310336397112044
579 0.0308253303140029
580 0.0306118790763706
581 0.0304357129029722
582 0.0302425901029825
583 0.0300562381557571
584 0.0298909072669662
585 0.0297359665853756
586 0.0295999194718061
587 0.0294230040876538
588 0.0292600747942953
589 0.0290932189824504
590 0.0289250654716282
591 0.0287832425475255
592 0.0286165848027967
593 0.0284591020722125
594 0.0282913321109561
595 0.0281631389955724
596 0.0280063319791951
597 0.0278652257702075
598 0.0277128704945923
599 0.0275410928989376
600 0.0273701657014162
601 0.0272105067005048
602 0.0270541565334918
603 0.0269044968691003
604 0.0267628618906694
605 0.0266289815445577
606 0.0265016150793054
607 0.0263443891947506
608 0.026186553544265
609 0.0260178475901636
610 0.0258408140970227
611 0.0256760675593785
612 0.0255119035499776
613 0.0253395328794807
614 0.0252283416670378
615 0.0251236099989929
616 0.0250232220539
617 0.0249217961651781
618 0.024835306333609
619 0.0247255814382954
620 0.0246062873694758
621 0.0244664385273212
622 0.0243306108203456
623 0.0242122573739154
624 0.0240857072037847
625 0.0239555273032823
626 0.0238189767200432
627 0.0236791789046355
628 0.023524712032817
629 0.0233667624933877
630 0.0232376286247233
631 0.0230797536365946
632 0.0229299847114223
633 0.0227596308548284
634 0.0225907707545859
635 0.0224230161987097
636 0.0222887474699453
637 0.0221680664061235
638 0.0220301397417425
639 0.0218924969160088
640 0.0217461544447515
641 0.0215797936442938
642 0.0214351909752547
643 0.0212939128246004
644 0.0211557575843096
645 0.0210411514357861
646 0.0209167349825949
647 0.0207935565040604
648 0.0206692115763197
649 0.0205438591407748
650 0.020439276795233
651 0.0203286116756351
652 0.0202383899875134
653 0.0201160609746948
654 0.0199827278908465
655 0.0198672239379751
656 0.0197775577467773
657 0.0196772639173154
658 0.0195609096310469
659 0.0194167400252279
660 0.0192756521413564
661 0.0191686473325751
662 0.0190718896203852
663 0.0189448957151748
664 0.0188161811657487
665 0.0186773546935368
666 0.0185431679773621
667 0.0184087638363773
668 0.0182861269284644
669 0.0181654422957825
670 0.0180351169663118
671 0.0178991984124695
672 0.0177741033508038
673 0.0176295388504453
674 0.0174815328919129
675 0.0173504594432141
676 0.0172257375733494
677 0.0171134567201034
678 0.0170356917315477
679 0.0169508391789439
680 0.0168580461496539
681 0.0167571273653635
682 0.0166810446187038
683 0.0165776711564597
684 0.0164685483488047
685 0.0163875888659125
686 0.0162983936826415
687 0.0162399056618636
688 0.0161515651439453
689 0.0160510066085618
690 0.0159480845808368
691 0.0158275022327781
692 0.0157277974540351
693 0.0156063863380609
694 0.0154673442903063
695 0.015311015400547
696 0.0151640274148931
697 0.0150352785506521
698 0.014884569057993
699 0.0147404126346031
700 0.0146080141999103
701 0.0144528254384551
702 0.014316452082252
703 0.0141978404168149
704 0.0140857100676346
705 0.0139600222885035
706 0.0138171584973197
707 0.013691440263787
708 0.0135655060233743
709 0.0134394985752605
710 0.0132948633751163
711 0.0131614378071711
712 0.0130560295749527
713 0.0129032294653366
714 0.0127818058091478
715 0.0126649324018802
716 0.0125387938746481
717 0.0124322377688162
718 0.0122952341561731
719 0.0121881655893333
720 0.0120722144663769
721 0.0119457836965966
722 0.0118508651140163
723 0.011754326823829
724 0.011660726648325
725 0.0115767096250637
726 0.0114852972613145
727 0.0113944471824112
728 0.0112591762687467
729 0.0111384497831427
730 0.0110193223920923
731 0.0108908265579112
732 0.010799891753042
733 0.010687688906464
734 0.0106017865601963
735 0.0105130821015597
736 0.0104359023522922
737 0.0103545245851225
738 0.0102559502779779
739 0.0101720685875353
740 0.0101007290501011
741 0.0100390559604272
742 0.00995810682413512
743 0.00986420428646184
744 0.00979431332038262
745 0.009692312618245
746 0.00962346423829787
747 0.00956322986195258
748 0.00946728044110157
749 0.00935147059186824
750 0.00924657930594725
751 0.00913663056244267
752 0.00904184515064823
753 0.00894622412693974
754 0.00885427172029492
755 0.00875978106383506
756 0.00866762292891467
757 0.00858009751877833
758 0.00850885437033456
759 0.00844313140445232
760 0.00836031911788517
761 0.00827301158137761
762 0.00822876302284371
763 0.00814439758460224
764 0.00805066766487991
765 0.00794484007901475
766 0.00784225416652824
767 0.00773630464487191
768 0.00767223307471692
769 0.00759650204783204
770 0.00753311407792121
771 0.00748309427975485
772 0.00739972625498995
773 0.00732821958497933
774 0.00726167358601001
775 0.00720024701726438
776 0.00714947629557379
777 0.00708027372070952
778 0.00697700195932397
779 0.00686099354683963
780 0.00675195877240741
781 0.00664819359140808
782 0.00653689380726848
783 0.00642304694224476
784 0.00627830993689322
785 0.00618779763671162
786 0.00609663864462264
787 0.00599725785494563
788 0.005928965406662
789 0.00583330171403931
790 0.00572411815933064
791 0.00564516295787361
792 0.00556437696365997
793 0.00549210842414887
794 0.00541739570381139
795 0.00535779948211845
796 0.00527772789612526
797 0.00519007259254726
798 0.00511607667458405
799 0.00504619220004117
800 0.0049928069619106
801 0.00490686404789024
802 0.00482799427860053
803 0.00473557693512205
804 0.00466140262081051
805 0.00457285934646385
806 0.00451279545047934
807 0.00441673804701037
808 0.00436322023800594
809 0.00429541492232095
810 0.00421297659673948
811 0.00414520332661522
812 0.00406904848411403
813 0.003997343528907
814 0.00393135972313813
815 0.00386259682766175
816 0.00381349826356226
817 0.00375868141926642
818 0.00370839073417154
819 0.0036690421953632
820 0.00364963380886068
821 0.00359857069158317
822 0.00355060098432847
823 0.00349363943904891
824 0.00340450289508579
825 0.00333803023748415
826 0.00325607013728165
827 0.00317805342546849
828 0.00308143814590453
829 0.00297040060824009
830 0.00291223122823593
831 0.00283543603395643
832 0.0027216607389498
833 0.0025977221468903
834 0.00248672192113272
835 0.00239475258670587
836 0.00230383596094318
837 0.00220825131487652
838 0.00211369576709493
839 0.00203958075348068
840 0.00194783552305889
841 0.00186540240697548
842 0.00177579434030607
843 0.00168604163618554
844 0.00163467607967588
845 0.00156813496251561
846 0.00148272129349056
847 0.00139087653392146
848 0.0013139413641933
849 0.00127771250474965
850 0.00123965262691027
851 0.00117786695451431
852 0.00111230502406184
853 0.0010614037834827
854 0.00102627712172033
855 0.000993615646759268
856 0.000943573277336574
857 0.000868076318648503
858 0.000828964346953544
859 0.000793970155019131
860 0.000743161756088757
861 0.000687979582226815
862 0.000608843956979555
863 0.000549033163313454
864 0.000497549970717998
865 0.000463207030869704
866 0.000411998669685693
867 0.000366740170890199
868 0.000332776077062469
869 0.000308081686992548
870 0.00027500953416452
871 0.000246549422394197
872 0.000204871818971247
873 0.000168359939699198
874 0.000148043674495311
875 0.000142188726047048
876 0.000126371373926868
877 9.04199223114405E-05
878 7.24697388213742E-05
879 3.55475534132828E-05
880 2.19265756681253E-05
