1 0.993016953458692
2 0.988180856787295
3 0.984371314688042
4 0.981121241336594
5 0.978209236161256
6 0.975525386442108
7 0.972993694934768
8 0.970593974831533
9 0.968298704309872
10 0.966082507566408
11 0.963939755797164
12 0.961851558622784
13 0.959827275481743
14 0.957843066348417
15 0.955918665488313
16 0.954035775942388
17 0.95217599315732
18 0.950355144182707
19 0.9485696699677
20 0.946812296630455
21 0.945087711714165
22 0.943386633174638
23 0.941721540116423
24 0.940086567158568
25 0.938471129033164
26 0.936881692949019
27 0.935310922631385
28 0.93375839369124
29 0.932232570659999
30 0.93072334052786
31 0.929234070656516
32 0.927757378917766
33 0.926293929345351
34 0.924842205507325
35 0.923406263236422
36 0.92198806399142
37 0.920585427115853
38 0.919198987162718
39 0.917823962278113
40 0.916460367533165
41 0.915109999068681
42 0.913774048518171
43 0.912452157214341
44 0.911136727765334
45 0.90983555962511
46 0.908546208611966
47 0.907274192971149
48 0.906012585269915
49 0.904763948231101
50 0.903528289164316
51 0.902304806146918
52 0.901091857512978
53 0.899877000369957
54 0.898664618167654
55 0.897463095164073
56 0.896280749982132
57 0.895104575356686
58 0.893939568022363
59 0.89277213042472
60 0.891618654505739
61 0.890467439544608
62 0.889332549212442
63 0.888196967761559
64 0.88707285071637
65 0.885944612841941
66 0.884830688249326
67 0.883728709391576
68 0.882628668446226
69 0.881532578189289
70 0.880443446652801
71 0.879355992561386
72 0.878283007079417
73 0.877217310207153
74 0.876153875229588
75 0.875096954738727
76 0.874053197554878
77 0.873012459344725
78 0.87198189202076
79 0.870957431295763
80 0.869938871547413
81 0.868924384503042
82 0.867915430455623
83 0.866905968057815
84 0.865899381763575
85 0.864904981683618
86 0.863914398298219
87 0.862932002236961
88 0.861948059938517
89 0.860974383634614
90 0.860000889575311
91 0.859045443460628
92 0.858089356463566
93 0.857142246335589
94 0.85619745954456
95 0.855252777222984
96 0.854308572647398
97 0.853377947581252
98 0.852450672986312
99 0.851522159719912
100 0.850600841355657
101 0.849679675399319
102 0.848762144983888
103 0.847848185091873
104 0.8469409301019
105 0.846039166476729
106 0.845136956863727
107 0.844238142464843
108 0.84334910148296
109 0.842451569610035
110 0.841554419789273
111 0.840658427581573
112 0.839775109434173
113 0.838899613033521
114 0.838027200993835
115 0.837160158863523
116 0.83629582263682
117 0.835431435447632
118 0.834568104032544
119 0.83371471450022
120 0.832861499249946
121 0.832012897349444
122 0.831167027589606
123 0.830320950939621
124 0.829476358335085
125 0.828633513777181
126 0.827795280249871
127 0.826964489731185
128 0.826133232112169
129 0.825308482018641
130 0.824480012130574
131 0.823657423880063
132 0.822838960451979
133 0.822021673266668
134 0.821207647168493
135 0.820396037730607
136 0.819584908001555
137 0.818785014123244
138 0.817985042772636
139 0.817189055392241
140 0.816397629535235
141 0.815615892700476
142 0.814835191852856
143 0.814054875008343
144 0.813277543420316
145 0.812505588261214
146 0.811738274328693
147 0.810974097365678
148 0.810211798373196
149 0.809448735578395
150 0.808696297920618
151 0.807942761106056
152 0.807183073906527
153 0.806420085001475
154 0.80565837038947
155 0.804901682133563
156 0.804143716693857
157 0.803382786041426
158 0.802628137666261
159 0.801879705975024
160 0.801133293686149
161 0.800391776936339
162 0.799657636500638
163 0.798933853848442
164 0.798214678724898
165 0.797496320392112
166 0.796774261099189
167 0.796060333559513
168 0.795345330330416
169 0.794622395065889
170 0.793903820194521
171 0.793184274006473
172 0.792458689657881
173 0.791731778198974
174 0.791013108154322
175 0.790298697378732
176 0.789583840007351
177 0.788878166343919
178 0.788168978077975
179 0.787464279453575
180 0.786766573034845
181 0.786072109913692
182 0.78537140585106
183 0.784668561201884
184 0.783972040974367
185 0.783270922424136
186 0.78256678337578
187 0.781876119590234
188 0.781191376193372
189 0.780507975431242
190 0.779832098987711
191 0.779153780784073
192 0.778476932737694
193 0.777797820364261
194 0.777119989453443
195 0.776447017111618
196 0.77577705700444
197 0.775106256376901
198 0.774441025307107
199 0.77378111028827
200 0.773119821464143
201 0.772456442903989
202 0.771792618403663
203 0.771130672771154
204 0.770475081434518
205 0.769818132930093
206 0.769167641117998
207 0.768521876717984
208 0.767872090771852
209 0.767223855605951
210 0.766576865301457
211 0.76592779006318
212 0.765284493962169
213 0.764650522004352
214 0.764013669176201
215 0.76337425389041
216 0.762739506963993
217 0.76210458422379
218 0.761469774569298
219 0.760838631931473
220 0.760207182982639
221 0.759578451524861
222 0.758942035191888
223 0.758313930778707
224 0.757689244646095
225 0.757070794662873
226 0.75644372262827
227 0.75581742589128
228 0.755185235839604
229 0.754552057670588
230 0.753925190091355
231 0.753297704817269
232 0.752671586411087
233 0.752047523543005
234 0.751421078486074
235 0.750794324677778
236 0.750170399237478
237 0.749547816141979
238 0.748933225561514
239 0.748321551422795
240 0.74770631551022
241 0.747095400978801
242 0.746488645761144
243 0.745878314170028
244 0.745267679942774
245 0.744657372785382
246 0.744056323245616
247 0.743452374477068
248 0.742846182132529
249 0.742249564640795
250 0.741654587700877
251 0.741059356520247
252 0.740472196477464
253 0.739883376930744
254 0.739299136516656
255 0.738715648836281
256 0.738128380756
257 0.737542695145844
258 0.736952038271493
259 0.736351070658278
260 0.73575895722082
261 0.735173251495431
262 0.73458936002084
263 0.73400236929345
264 0.73341612742827
265 0.732834821773798
266 0.732250245189768
267 0.731663603451503
268 0.731075871098026
269 0.730480421299797
270 0.729891041336236
271 0.729307764280294
272 0.728716476915278
273 0.728132829427835
274 0.727554535432519
275 0.726971069336926
276 0.726389010650952
277 0.725807702934398
278 0.7252277448133
279 0.724650634083293
280 0.724078154773299
281 0.723510976457581
282 0.722951605748495
283 0.722387702486427
284 0.721829993999001
285 0.721275379201784
286 0.720716041241643
287 0.720153399152497
288 0.719586479662981
289 0.719022204870285
290 0.718460183609891
291 0.717910904148296
292 0.717352837500489
293 0.716798351102546
294 0.71623813555434
295 0.71568228552712
296 0.715126920438878
297 0.714578959068213
298 0.714038315639363
299 0.713501976934672
300 0.712967870636352
301 0.712429882930252
302 0.711894482410597
303 0.711362035549517
304 0.710830677501071
305 0.710311573692487
306 0.709789474505322
307 0.70926547000165
308 0.708736560781954
309 0.708208893794683
310 0.707674161245701
311 0.707140965243814
312 0.706609716660395
313 0.706077276999198
314 0.705545030719414
315 0.705017346871622
316 0.704484266965514
317 0.703962977096448
318 0.703445026087934
319 0.702926115718411
320 0.702407780897287
321 0.701889524917388
322 0.701368347843752
323 0.700843806596366
324 0.700326176140816
325 0.699806817987109
326 0.699285652510104
327 0.69876537167696
328 0.698257927972812
329 0.697749062205619
330 0.697239949775649
331 0.696734255236432
332 0.696231395281544
333 0.695722014080251
334 0.69521090151878
335 0.69469667206316
336 0.694182896839726
337 0.693673477157354
338 0.693172061298216
339 0.692677519768757
340 0.692175839109729
341 0.691671672509787
342 0.691167856272647
343 0.690672146814125
344 0.690162432558641
345 0.689649704394017
346 0.689147343076888
347 0.688649939225794
348 0.688153658058269
349 0.687647760250208
350 0.68714650817949
351 0.686648380295415
352 0.686154241761134
353 0.685665482386485
354 0.685172083250192
355 0.684680209035619
356 0.684191682403829
357 0.683702574360552
358 0.683204384026858
359 0.682708074257906
360 0.68221632196349
361 0.681731185383356
362 0.681242148595473
363 0.680749173585738
364 0.680260778880076
365 0.679778982324115
366 0.679297768969995
367 0.678818544872202
368 0.678331754670616
369 0.677861547478506
370 0.677385466823162
371 0.676910856176578
372 0.676432897294664
373 0.675949365866662
374 0.675466286811705
375 0.674985786956596
376 0.674505249990289
377 0.674026650492527
378 0.673552951579121
379 0.673077933351706
380 0.672605482314708
381 0.672132693096053
382 0.671655365790715
383 0.671180783135908
384 0.670708934872511
385 0.670237943854494
386 0.669771557357319
387 0.669300529168597
388 0.668836786566473
389 0.668375302117713
390 0.667914617856271
391 0.667451843782819
392 0.666984108979993
393 0.666519611769057
394 0.666060102663935
395 0.665591241560193
396 0.665129120287802
397 0.664660727398523
398 0.664203143539237
399 0.663741135511588
400 0.663271875516604
401 0.662794159248769
402 0.662326223950494
403 0.661860862253813
404 0.661395419427186
405 0.660927169008567
406 0.660459451538188
407 0.6599906113902
408 0.659525461450774
409 0.659049888653656
410 0.658582421562086
411 0.658113794745115
412 0.657648559139571
413 0.657179833646961
414 0.656713348600821
415 0.656244771151423
416 0.655776448213731
417 0.655308526844252
418 0.654844650498828
419 0.654387304465682
420 0.653929009549364
421 0.653469795336531
422 0.653012815734428
423 0.652547840370766
424 0.65208336897863
425 0.65162065709912
426 0.651168319382759
427 0.650708977755135
428 0.650255445235615
429 0.649804960757786
430 0.649350091639072
431 0.648900234487958
432 0.648441897513197
433 0.647977654936265
434 0.647530808086211
435 0.647081956502272
436 0.646638178954673
437 0.646191542033489
438 0.645744404240184
439 0.645295928005091
440 0.644843829308381
441 0.644386529187325
442 0.643932211193078
443 0.643483866968478
444 0.643040614850454
445 0.642601306745604
446 0.642156313739461
447 0.641715621831827
448 0.64127181535905
449 0.640829106847434
450 0.640385922946979
451 0.639939639282213
452 0.639495913253953
453 0.639045557028197
454 0.638602494194852
455 0.638163316077719
456 0.637720773958792
457 0.637278351683479
458 0.636842144144358
459 0.63640484988975
460 0.635968062085806
461 0.635532849654891
462 0.635102466894639
463 0.634676307023125
464 0.634239621447326
465 0.633808231524766
466 0.633379447552939
467 0.632947259209448
468 0.632515723327151
469 0.63208226950345
470 0.631648159530659
471 0.631205078675035
472 0.630764680766331
473 0.630326074450491
474 0.629891158423427
475 0.629453307556975
476 0.629021005157051
477 0.628593619658074
478 0.628163423228539
479 0.627730600247297
480 0.627304152605331
481 0.626870726058294
482 0.626449970662037
483 0.626022597562508
484 0.625594682809222
485 0.625164105346317
486 0.62473287488347
487 0.624311191892068
488 0.623886755158815
489 0.623455654334773
490 0.623024424430387
491 0.622589462778115
492 0.622160301847339
493 0.621737742779611
494 0.621315931526262
495 0.620897834122279
496 0.620480016235446
497 0.620059568426481
498 0.619638238817987
499 0.619215603006216
500 0.618789824754881
501 0.61836034817356
502 0.617936773943362
503 0.617514860030949
504 0.617102360573254
505 0.616687615479442
506 0.616266427311469
507 0.615852042395629
508 0.615431090834896
509 0.615009274738893
510 0.614598419780355
511 0.614187745916726
512 0.613778534823573
513 0.613368091104988
514 0.612955462186774
515 0.612540425988748
516 0.612123297452499
517 0.61171010077711
518 0.611297440972926
519 0.610885989978919
520 0.610464141737537
521 0.610046766617487
522 0.609633814048453
523 0.609232672294174
524 0.608824459146403
525 0.608419073584975
526 0.608021959713058
527 0.607620586236171
528 0.60721751251622
529 0.606816635012766
530 0.606414933912218
531 0.606019311837976
532 0.605613716035766
533 0.605205025620528
534 0.604795659346966
535 0.604388184086055
536 0.603990169192863
537 0.603584514298314
538 0.603180867197333
539 0.602777004273503
540 0.602377555532123
541 0.601978295642666
542 0.601578682739582
543 0.60117915581067
544 0.600780423241067
545 0.600379247287293
546 0.599981590468946
547 0.599578598942543
548 0.5991689370681
549 0.598761787001268
550 0.598357231335944
551 0.597960691984165
552 0.597561096093102
553 0.597166410978937
554 0.596764975494223
555 0.596359840279575
556 0.595961024583215
557 0.595563215712392
558 0.595165685553993
559 0.594767079461416
560 0.594371830576945
561 0.593976389468541
562 0.5935819028676
563 0.593188493901149
564 0.592797984955657
565 0.592411788282556
566 0.592022234045878
567 0.59163625281499
568 0.591254172998038
569 0.590880929278021
570 0.5904985069993
571 0.590122821894354
572 0.589738406417168
573 0.589352371101707
574 0.588972310625912
575 0.58859243978579
576 0.588211928758024
577 0.587836092474807
578 0.587463062464787
579 0.5870890240252
580 0.586718154043169
581 0.586340470189932
582 0.585973135224403
583 0.585597890042211
584 0.58522225236302
585 0.584849216083952
586 0.584474148389285
587 0.584096848437672
588 0.583722185194688
589 0.583344285448122
590 0.582960651650617
591 0.582582546504501
592 0.582210335308639
593 0.581834673436377
594 0.581451410802326
595 0.581074429754679
596 0.580701318765528
597 0.580322217496387
598 0.579941009753551
599 0.579560442934751
600 0.579180550959921
601 0.578807452574512
602 0.57843195977796
603 0.578058016546973
604 0.577684198158315
605 0.577311205202974
606 0.576945476630796
607 0.576582620316739
608 0.576211926352337
609 0.575835198915333
610 0.575461258180264
611 0.575093882431193
612 0.574730686504911
613 0.574362094961368
614 0.573987420260601
615 0.573627852285113
616 0.573267235037726
617 0.572902665066618
618 0.57252869624441
619 0.572153181701225
620 0.57178374915254
621 0.571403935894762
622 0.571032014612843
623 0.570657411855197
624 0.570280973603434
625 0.56990289271062
626 0.569524029211868
627 0.569150550839027
628 0.568772811606876
629 0.568396318978308
630 0.568018368379894
631 0.567641521682886
632 0.567262972821238
633 0.566889731242617
634 0.566514527264157
635 0.566153428355303
636 0.565793106812241
637 0.565428645614652
638 0.565067492575279
639 0.564707444486998
640 0.564345107118985
641 0.563984481073391
642 0.563618540016999
643 0.563256479642674
644 0.562886832583807
645 0.562519789632113
646 0.562157798873755
647 0.561794073785782
648 0.561425018150242
649 0.561056353610197
650 0.560689356633583
651 0.560318579410581
652 0.559946190725226
653 0.5595691573955
654 0.559202083286393
655 0.558838802316804
656 0.558476658404463
657 0.558108756656398
658 0.557743733117268
659 0.557373317400436
660 0.557011045339658
661 0.556652072024086
662 0.556296360984704
663 0.555940255194962
664 0.555592190205684
665 0.555237372935949
666 0.554885841016361
667 0.554530486039893
668 0.554171332053109
669 0.553811007951375
670 0.553454909617555
671 0.553100741233561
672 0.552742222096459
673 0.552384473775076
674 0.552026916643307
675 0.55167154099801
676 0.551317064244071
677 0.550967973722029
678 0.55061152208034
679 0.550257833006414
680 0.54990598641543
681 0.549553666011173
682 0.549204652479279
683 0.548847678159132
684 0.548498657669971
685 0.548152727637358
686 0.547809287505394
687 0.547465331759955
688 0.547113827689676
689 0.546768412410499
690 0.546420671356267
691 0.54607526168856
692 0.545719973108263
693 0.545371038931369
694 0.545020545513923
695 0.544673495752939
696 0.544337057210743
697 0.543994927238834
698 0.543650575352052
699 0.543305062924321
700 0.542959603629991
701 0.542610196512442
702 0.54226617461528
703 0.541921416313697
704 0.541575706478724
705 0.541238028435454
706 0.540899708796457
707 0.540560467875128
708 0.540222125176003
709 0.539884599312265
710 0.539538433353651
711 0.539202275100184
712 0.53886336669929
713 0.538528086137563
714 0.538198134161035
715 0.537875165756328
716 0.537540746555533
717 0.537212019788142
718 0.536881971085393
719 0.536542334400698
720 0.53619737537033
721 0.535865796617918
722 0.535525672128633
723 0.535186034089132
724 0.534848731397535
725 0.534509869454275
726 0.534172243334783
727 0.533838224528176
728 0.533505423751316
729 0.533173875888004
730 0.532845817916543
731 0.532518626248137
732 0.532199400508623
733 0.531883980275343
734 0.531570720519537
735 0.531255555911271
736 0.530946925169248
737 0.530627944557063
738 0.530307351975217
739 0.529983541275208
740 0.529667778068882
741 0.529347878179783
742 0.529023026934653
743 0.52870305531784
744 0.528385091387776
745 0.528063882607927
746 0.527736964342268
747 0.527414443208338
748 0.527089321206677
749 0.526757227344922
750 0.526429141890485
751 0.526112803313404
752 0.525805709920481
753 0.525486575435699
754 0.52517345109233
755 0.524858362865746
756 0.52454562008133
757 0.524230958839065
758 0.523920519429614
759 0.523606785059965
760 0.52330094944455
761 0.522992834354374
762 0.522688430049487
763 0.522383399831035
764 0.522082110808193
765 0.521780954374746
766 0.521478469165221
767 0.52116863978952
768 0.520861072381159
769 0.520559947099003
770 0.520263658170948
771 0.519962854175585
772 0.519667043436478
773 0.519372858768497
774 0.519074105359626
775 0.5187774905545
776 0.51848206485554
777 0.518183356989319
778 0.517876253210716
779 0.517575794382638
780 0.51727164527219
781 0.516966746312701
782 0.516665529131877
783 0.516365200350883
784 0.51606364745297
785 0.515764239070972
786 0.515460810275102
787 0.515162150655001
788 0.514855417075447
789 0.514556853180517
790 0.514257008577855
791 0.513950383339683
792 0.513649293745435
793 0.513347546198963
794 0.513040324007639
795 0.512741380720649
796 0.512439723241273
797 0.512146912909546
798 0.511846989483935
799 0.511549377147359
800 0.511256072703327
801 0.510969139072331
802 0.510682629394178
803 0.510399737503887
804 0.510108980099102
805 0.509822999417957
806 0.509536924613243
807 0.50925747365544
808 0.508978621661719
809 0.508700417331071
810 0.508418148663756
811 0.508137845865369
812 0.507850809527603
813 0.507569791571053
814 0.50728620779761
815 0.507005746811236
816 0.506721309331498
817 0.506438123441712
818 0.506156674409112
819 0.505875481821045
820 0.505592585938042
821 0.505310527015481
822 0.505037303017825
823 0.504763771960865
824 0.504479710943509
825 0.504202305761384
826 0.50392628069973
827 0.503653590546134
828 0.503380632550345
829 0.503101737442826
830 0.502824654747524
831 0.502552839863079
832 0.502278437624098
833 0.502005448879669
834 0.501729474550774
835 0.501450469805426
836 0.501172264707966
837 0.500888906279758
838 0.500600896768342
839 0.500323351594712
840 0.500041744981292
841 0.499760042403026
842 0.499484891961054
843 0.499205619721199
844 0.498926142567394
845 0.498638508969694
846 0.498357443258063
847 0.498068913524089
848 0.497788740918847
849 0.497511524445527
850 0.497231761691158
851 0.496945753187546
852 0.496659227906348
853 0.496380047234281
854 0.496105462763353
855 0.495835008142565
856 0.495556409392747
857 0.495278039234285
858 0.495004681205989
859 0.494729156179678
860 0.494459012873813
861 0.494180113074561
862 0.493901207472392
863 0.493622337631298
864 0.49334968617506
865 0.493080118378176
866 0.492801884949088
867 0.492518720787912
868 0.492240589666715
869 0.491966793522326
870 0.491681103525703
871 0.491401229722518
872 0.491119280789912
873 0.490834568259567
874 0.490551038544959
875 0.490265518354382
876 0.489980642676091
877 0.48969276070403
878 0.489405750019614
879 0.489118702003647
880 0.488831433754463
881 0.488539971984417
882 0.488252166785395
883 0.487968511664865
884 0.487686112955177
885 0.487399999118663
886 0.487111371850209
887 0.486814776593789
888 0.486522350359987
889 0.486234842674983
890 0.485948419999316
891 0.485667146273568
892 0.485383870467659
893 0.485100598204739
894 0.484816772114227
895 0.484533268487938
896 0.484240901059137
897 0.483952176277085
898 0.483656615359131
899 0.483362728087646
900 0.483071740630842
901 0.482783597673501
902 0.482500556099271
903 0.482214566110092
904 0.481926520903298
905 0.481637668763494
906 0.481360753370424
907 0.481076497213
908 0.480791007075144
909 0.480503834928131
910 0.480218674922461
911 0.479937678842011
912 0.47965799920478
913 0.479380296200981
914 0.479102865132575
915 0.478831561116825
916 0.478560119457713
917 0.47828411740197
918 0.478009335302452
919 0.477742082072085
920 0.477477016329778
921 0.477213695008193
922 0.476948387462357
923 0.476678515367441
924 0.476408765142834
925 0.476138469300897
926 0.475871543904509
927 0.475608081649046
928 0.475349980153426
929 0.475094463733744
930 0.47482485744561
931 0.474552432896416
932 0.474287154734665
933 0.474016372675531
934 0.47374643118977
935 0.473483074450266
936 0.473225402501932
937 0.472967501924407
938 0.472700824845905
939 0.472441670918564
940 0.472177369172775
941 0.471908925469083
942 0.471638903327857
943 0.471373080706042
944 0.471109454896007
945 0.470856121334843
946 0.470599174660257
947 0.470341526987124
948 0.470085901897013
949 0.469823775811843
950 0.469564007473155
951 0.469306198044247
952 0.469047600803283
953 0.468799517548846
954 0.468548021061605
955 0.468292029929309
956 0.468033706743037
957 0.467779038663663
958 0.46752238163476
959 0.467270743954273
960 0.467010525271177
961 0.466749640704287
962 0.466486236141672
963 0.466233374940132
964 0.465980708175736
965 0.465731703069173
966 0.4654762120604
967 0.465222204037327
968 0.464961846376361
969 0.464708519504377
970 0.464448801020277
971 0.464192031550648
972 0.46393190278674
973 0.463668690330848
974 0.463409073260695
975 0.463151657659107
976 0.462886979982745
977 0.462626675618358
978 0.462366672791374
979 0.462110149422721
980 0.461839262790998
981 0.461579891988306
982 0.461320132281607
983 0.461062200507181
984 0.460807156584092
985 0.460548591293971
986 0.460286629988358
987 0.460028294197717
988 0.459771696796464
989 0.459520805729337
990 0.459264515846838
991 0.45900628414201
992 0.458743331905572
993 0.45847830974815
994 0.458213546491557
995 0.45795350856087
996 0.457695375295863
997 0.457435781734201
998 0.457177524564352
999 0.456923825391829
