1 0.988277185017424
2 0.980166585025837
3 0.973785450178127
4 0.968350408674974
5 0.963487651510494
6 0.958983674795459
7 0.954768173626034
8 0.950758237552427
9 0.94690181815164
10 0.9431904425891
11 0.939608890560268
12 0.936136469724826
13 0.932765668161593
14 0.929479088177738
15 0.926267224753577
16 0.9231234725959
17 0.9200360166069
18 0.91700534606919
19 0.914032329855174
20 0.911147486848118
21 0.908301079809769
22 0.905496792037756
23 0.902738045991536
24 0.900023134147488
25 0.897338759130356
26 0.894693390881415
27 0.892083056519451
28 0.889524120310008
29 0.886985049782232
30 0.88448827921995
31 0.882011420274226
32 0.879570890048765
33 0.877162885861061
34 0.874784608874518
35 0.872427163043785
36 0.870093523901009
37 0.867791745086161
38 0.865523938837453
39 0.863260515549087
40 0.861019462757539
41 0.858829413690626
42 0.856659265661695
43 0.854498660601338
44 0.852363353107179
45 0.850254312040462
46 0.84815978494582
47 0.846092336179303
48 0.844032136374083
49 0.842012728220341
50 0.840002264039282
51 0.838016096545652
52 0.836040873822217
53 0.834076181903399
54 0.832140764824763
55 0.830197388505896
56 0.828271586591889
57 0.826369426021256
58 0.824479846766947
59 0.822607327659406
60 0.820757919566949
61 0.818914792489877
62 0.817083140912601
63 0.815267384452422
64 0.813439270431927
65 0.811634260002812
66 0.809832839344723
67 0.808033159460755
68 0.806242066809865
69 0.804479677796544
70 0.80272234174238
71 0.800977143844097
72 0.79925963070686
73 0.797543667488015
74 0.795841018390703
75 0.794136405571302
76 0.792452701481574
77 0.790785363189632
78 0.789116627172877
79 0.787456855659037
80 0.785808074473684
81 0.784177021465505
82 0.782549224015921
83 0.780919946024066
84 0.779299461404187
85 0.77769871129907
86 0.776101944185966
87 0.774503819469359
88 0.772932907398166
89 0.771356952437065
90 0.769796631199228
91 0.768247909804834
92 0.766709638214053
93 0.765180926187474
94 0.763646285875926
95 0.76211546627793
96 0.760602260289554
97 0.75909475517824
98 0.757590447002019
99 0.756092552250778
100 0.754610339171797
101 0.753149664742674
102 0.751699237545111
103 0.750232948899641
104 0.748774021895786
105 0.747315636447331
106 0.745860090222019
107 0.744420383814581
108 0.742991396253176
109 0.741571472735501
110 0.740153657913361
111 0.738735683325782
112 0.737331584460738
113 0.735925470071488
114 0.734529627878885
115 0.733145052795931
116 0.731774767874222
117 0.730413010780624
118 0.729050287635659
119 0.727718245128211
120 0.726382502103949
121 0.725037915084609
122 0.723687146376596
123 0.72235266059568
124 0.721024067075238
125 0.719704078084311
126 0.718392922880324
127 0.717081914472682
128 0.715775741111252
129 0.714480420813272
130 0.713180992416403
131 0.711885404876883
132 0.710618175073197
133 0.709343234181082
134 0.708074916600576
135 0.706815852443675
136 0.70556206758538
137 0.704297642016924
138 0.703042871811019
139 0.70177562359462
140 0.700518850200375
141 0.699256944619774
142 0.698010503190778
143 0.69675964198707
144 0.695528872246301
145 0.694309105490782
146 0.693085670620845
147 0.691875257640634
148 0.690668059412972
149 0.68946420242088
150 0.688263620435173
151 0.687063261588181
152 0.685860733759278
153 0.684665989248515
154 0.683468722098108
155 0.682270290798499
156 0.681072501541075
157 0.679876420133193
158 0.67868327796305
159 0.677496859065939
160 0.676313435511632
161 0.675148828001627
162 0.673984108686018
163 0.672819019789805
164 0.671673509968502
165 0.670532394606672
166 0.66938586314424
167 0.668241329576216
168 0.667112600812965
169 0.665980519903138
170 0.664857008019625
171 0.663741931347038
172 0.662621607032894
173 0.661528293162831
174 0.660431419071746
175 0.65934649745814
176 0.658258156584188
177 0.65716818479325
178 0.656083099846101
179 0.654993988041519
180 0.653904606587278
181 0.652829811842718
182 0.651769073376035
183 0.650699553608461
184 0.649648992988141
185 0.648575884357281
186 0.647507408922731
187 0.646448198431407
188 0.645413627217163
189 0.644376242218186
190 0.643339133521613
191 0.642302862255093
192 0.641266293316685
193 0.640226775442384
194 0.639185846204216
195 0.638150277227242
196 0.637100922551487
197 0.636054927199697
198 0.635000873940038
199 0.633960311159157
200 0.632938056617213
201 0.63191618317417
202 0.630903048348447
203 0.629880442384559
204 0.628867484854593
205 0.627853158596565
206 0.626853167468725
207 0.625850673131993
208 0.624855338403511
209 0.623863593549913
210 0.622861611602712
211 0.621873535780855
212 0.620867413422682
213 0.619890209889418
214 0.618910629082794
215 0.617938395552022
216 0.616971062655744
217 0.616011448937993
218 0.615042683018362
219 0.614072841556737
220 0.613098767818288
221 0.612124605035183
222 0.611154104968001
223 0.610187419442741
224 0.609226167628981
225 0.608271514585035
226 0.607319710701363
227 0.606380118719603
228 0.605444323266659
229 0.604499865000296
230 0.603554171284547
231 0.602617266747203
232 0.601668388550539
233 0.600726492299357
234 0.59979302298162
235 0.598851271789174
236 0.597922699888715
237 0.59700532836546
238 0.596095095100815
239 0.595188713983445
240 0.594274924654909
241 0.593366584805445
242 0.592468301415405
243 0.591565730052668
244 0.590674924960451
245 0.589782620040958
246 0.588894508096297
247 0.588010257461899
248 0.58713283354843
249 0.586248016177081
250 0.585366926400554
251 0.584472804549254
252 0.583599414042422
253 0.582720130255601
254 0.581848102075549
255 0.580975311042816
256 0.580103731374456
257 0.579231553783561
258 0.578364054086722
259 0.577500902618909
260 0.576638673916355
261 0.575782845359699
262 0.574915221670674
263 0.574058109644598
264 0.573207829913051
265 0.572374516369915
266 0.571535400094984
267 0.57067765065536
268 0.569831413927915
269 0.568997778260017
270 0.568175140811985
271 0.567344852157363
272 0.566518494841728
273 0.56569120684776
274 0.564871203906907
275 0.564050607439245
276 0.563223116757958
277 0.56240622808306
278 0.561589422162364
279 0.560794379966085
280 0.559983077433662
281 0.559182110651386
282 0.558374468809352
283 0.557570954806693
284 0.556783379487125
285 0.555986447753233
286 0.55518832522862
287 0.554399051822142
288 0.553602015873674
289 0.552804724305882
290 0.55200939369128
291 0.551206952630718
292 0.550403990834052
293 0.549612765821494
294 0.548822607897715
295 0.548019525544581
296 0.547233614766267
297 0.546441932875399
298 0.545639554863395
299 0.544836990831969
300 0.544038190110393
301 0.543249894094689
302 0.542454118879797
303 0.541643838029343
304 0.540851435791709
305 0.540058443342674
306 0.539269607711323
307 0.538483996797158
308 0.537697212613698
309 0.53691180007576
310 0.536122920506691
311 0.535340978857657
312 0.534550563858772
313 0.533772471845039
314 0.533010182237628
315 0.532238152479009
316 0.531469449783693
317 0.530699706551387
318 0.529940832794404
319 0.529192133865058
320 0.528454063042949
321 0.527708198232504
322 0.526959581549417
323 0.526209066402596
324 0.525453613552475
325 0.524693885741068
326 0.523945864543013
327 0.523194090375031
328 0.522453743344007
329 0.521721756038143
330 0.520980879661169
331 0.520245962799899
332 0.519513046962382
333 0.518789599427924
334 0.518058712449213
335 0.517328203295247
336 0.516600148052685
337 0.515879952281556
338 0.515161561914968
339 0.514441205772569
340 0.513714573256614
341 0.512995835385087
342 0.512277378124477
343 0.51156814157667
344 0.510863318995613
345 0.510152767869979
346 0.509443377113511
347 0.508739245670299
348 0.508030428442026
349 0.507321669784799
350 0.506614560221815
351 0.505909107630098
352 0.50520661174637
353 0.504492378588203
354 0.503775906462667
355 0.503070524683923
356 0.502375756549336
357 0.501669526569071
358 0.500974048689484
359 0.500275855637785
360 0.499578602552743
361 0.49887343988786
362 0.498174350302609
363 0.497493667979656
364 0.496798642307657
365 0.496103153976968
366 0.495420655085073
367 0.494745212231402
368 0.494059606970402
369 0.49338064333938
370 0.492708481980748
371 0.492025320311285
372 0.49133456619341
373 0.490650448835704
374 0.489960273040707
375 0.489276253058992
376 0.488608214772624
377 0.487937316812298
378 0.487271878403379
379 0.486600781005492
380 0.48593158816978
381 0.485262222002392
382 0.484595767778069
383 0.483928409201415
384 0.483259728629637
385 0.482610630145327
386 0.481967794586584
387 0.481330735224963
388 0.480667980452004
389 0.48001460059766
390 0.479348201762578
391 0.478684669879075
392 0.478020225081395
393 0.477360907772512
394 0.476703612374069
395 0.476052631589023
396 0.475394498890121
397 0.474737222203918
398 0.474072785507369
399 0.473406136881565
400 0.472751554033117
401 0.472096498812805
402 0.471445927683785
403 0.470799308561386
404 0.470163011343655
405 0.46952622747985
406 0.468884385123994
407 0.468260321995712
408 0.467628316625845
409 0.467000462484378
410 0.466371237624542
411 0.465742205773371
412 0.465122748973534
413 0.46450039944251
414 0.463867070064096
415 0.46324016045219
416 0.462618876405881
417 0.461995122742174
418 0.461377732168302
419 0.46077050258487
420 0.460150836245173
421 0.459530411898681
422 0.458902871882192
423 0.458272928266643
424 0.457658541750415
425 0.457035874453124
426 0.456412666258409
427 0.455781902397464
428 0.455140154657843
429 0.454499965708532
430 0.45385156944848
431 0.453213917668706
432 0.452581310902448
433 0.451956389513145
434 0.451330678467124
435 0.450707826526176
436 0.45008083618474
437 0.449459541037136
438 0.448840494527125
439 0.448224173577421
440 0.447602045317244
441 0.446973251339659
442 0.446346608729796
443 0.445717370018469
444 0.445082578884753
445 0.444450579390967
446 0.443825301185415
447 0.44320738141872
448 0.442579977413409
449 0.441968221723826
450 0.44135749428424
451 0.440723940712838
452 0.440091832858572
453 0.439470296098753
454 0.438841601624494
455 0.438215652812722
456 0.437600702898904
457 0.436989588913707
458 0.436375668347308
459 0.435782380946212
460 0.435184658907594
461 0.434587146346622
462 0.433988693641878
463 0.433412705789283
464 0.432825105639976
465 0.432247980676715
466 0.431667800535931
467 0.431087454783101
468 0.430511828258184
469 0.429952911340207
470 0.429396508386382
471 0.428844689956628
472 0.428286311992571
473 0.42773250125403
474 0.427176161826551
475 0.426616886718003
476 0.426061242760192
477 0.425505101988377
478 0.424954048263664
479 0.424400734263519
480 0.423845522579046
481 0.423295134945905
482 0.422747852525322
483 0.422199689391958
484 0.421646520657272
485 0.421103753265657
486 0.420573496931139
487 0.42005429836636
488 0.419533391681526
489 0.418998645955118
490 0.418460866601112
491 0.417914466096673
492 0.417372446574351
493 0.416836045413136
494 0.416303902778247
495 0.415783795917324
496 0.415264045647359
497 0.414738749584734
498 0.414212373553928
499 0.413676487739573
500 0.413146178725636
501 0.412621187350152
502 0.412093243401415
503 0.411560204179346
504 0.411044242105098
505 0.410540480548042
506 0.41002931403549
507 0.409504243735205
508 0.40899128298175
509 0.408477371144541
510 0.407957555585905
511 0.407431156058454
512 0.406909562711722
513 0.406394404154887
514 0.405872975856288
515 0.405343620873086
516 0.404828636836707
517 0.404316984176887
518 0.403807528662601
519 0.4032961151265
520 0.402781081606122
521 0.402269318945731
522 0.401766885583831
523 0.401255900127855
524 0.40073865488904
525 0.400224733430663
526 0.399712500725293
527 0.399196133358969
528 0.398676729445048
529 0.398161511516789
530 0.397658476538751
531 0.397162429683193
532 0.396660489062856
533 0.396148614183179
534 0.395654702590518
535 0.395156889277084
536 0.394657531545033
537 0.394153940148756
538 0.393650544184358
539 0.393141832385514
540 0.392644125707949
541 0.392134343658231
542 0.391631365327849
543 0.391136509315945
544 0.390648269275965
545 0.390149948293961
546 0.38965476874955
547 0.389158711556611
548 0.388661783935421
549 0.388170262219729
550 0.387664161478524
551 0.387164289125052
552 0.386663563184778
553 0.386157960422897
554 0.385664213973767
555 0.385160188199025
556 0.384659057182474
557 0.384173524123234
558 0.383676774373982
559 0.383183324778454
560 0.382698119832378
561 0.38220329473886
562 0.381717520963289
563 0.381227472870648
564 0.380732353329728
565 0.380243503439426
566 0.379763786016305
567 0.379268455926163
568 0.378775123781715
569 0.378292595188735
570 0.377808019635848
571 0.377331069815838
572 0.376854821947007
573 0.376358783521587
574 0.375876944687854
575 0.375397755568276
576 0.374919279640544
577 0.374436229797039
578 0.37395269891433
579 0.373467631303029
580 0.372984375959245
581 0.372501423037552
582 0.372015371070923
583 0.371528565827212
584 0.371046776978535
585 0.37055841850044
586 0.370068320920674
587 0.369586854281614
588 0.369107090015338
589 0.368626118041359
590 0.368148004128585
591 0.367668212722577
592 0.367185591677039
593 0.366696956108848
594 0.366206746449706
595 0.365725787278658
596 0.365237591351457
597 0.364745196985663
598 0.36424979939902
599 0.363772523616149
600 0.363310288159701
601 0.362844644522443
602 0.362368414817342
603 0.361889947947139
604 0.361412266663749
605 0.36093673520719
606 0.360472382974019
607 0.360009392226565
608 0.359534067864608
609 0.359075543999715
610 0.3586197622177
611 0.35815818107631
612 0.357702329636709
613 0.35724212164934
614 0.356785199676049
615 0.356327054013349
616 0.355881022072619
617 0.355427736795065
618 0.354971606324584
619 0.3545213968564
620 0.354090371687561
621 0.353656638012603
622 0.353229471372077
623 0.352805447564699
624 0.352368282554396
625 0.351931216280644
626 0.351486106077112
627 0.3510467528478
628 0.350610975953622
629 0.350175573196023
630 0.349746793095066
631 0.349316462816037
632 0.348868346079483
633 0.348418388045075
634 0.347972344798697
635 0.347536067677673
636 0.347077403344369
637 0.346623344310123
638 0.346179625818158
639 0.345733868275448
640 0.345289022777561
641 0.34484336117833
642 0.344380650531148
643 0.343922304732031
644 0.343469236302688
645 0.343025122217149
646 0.342576240517634
647 0.342141475838416
648 0.341686022794445
649 0.341238798860096
650 0.340788965475139
651 0.340348756267833
652 0.339911884436715
653 0.339477169176625
654 0.339037836770551
655 0.338604408577967
656 0.33816164256936
657 0.337715383047542
658 0.33727501308919
659 0.336833177938136
660 0.336407131197432
661 0.335983950513323
662 0.335552680500075
663 0.335126938528071
664 0.334702433049865
665 0.334277138397623
666 0.333866835005784
667 0.333457317910959
668 0.333033494456477
669 0.332599414010708
670 0.332158472955747
671 0.331723592302449
672 0.33129946890328
673 0.330891615374334
674 0.33047401277681
675 0.330064982621865
676 0.329657483171836
677 0.3292487179375
678 0.328843767039394
679 0.328451102430443
680 0.328057159720836
681 0.327652871164975
682 0.327250927076198
683 0.326849825518641
684 0.326435763446757
685 0.326022347922336
686 0.325602988204548
687 0.325186731983626
688 0.324776396533366
689 0.324372739025951
690 0.32396533204646
691 0.323551766863982
692 0.323140904107257
693 0.322715205234199
694 0.322306076772165
695 0.32189453517512
696 0.321485915675444
697 0.321086327771038
698 0.320693179739747
699 0.320287726545782
700 0.319884073119369
701 0.319483234594312
702 0.319084267732937
703 0.318686296897122
704 0.318287404986723
705 0.317892108557827
706 0.31749818393864
707 0.317099425160318
708 0.316693488551254
709 0.316295051078544
710 0.31589895436771
711 0.315504256888497
712 0.315108728849036
713 0.314714755329472
714 0.314322708224183
715 0.313937778062093
716 0.313547242504408
717 0.313165563210741
718 0.312783531941776
719 0.312401461864072
720 0.312014922110819
721 0.31163245094887
722 0.311243882020645
723 0.310862005273964
724 0.310482658963579
725 0.310105564622343
726 0.309726537779278
727 0.309344727481207
728 0.308968523612516
729 0.30859847585046
730 0.308208706357602
731 0.307826175178935
732 0.307447348055416
733 0.307069750548252
734 0.306690927600297
735 0.30631337464143
736 0.305934046263702
737 0.305549439179235
738 0.305157264195365
739 0.304777764035443
740 0.30441004858439
741 0.304041685934901
742 0.303663803165184
743 0.303291771378724
744 0.302916172966245
745 0.302548652065096
746 0.302184841048497
747 0.301803555172324
748 0.301435887617971
749 0.301063433359406
750 0.300686428997451
751 0.300306695059989
752 0.299924546033791
753 0.299543373454687
754 0.299159905193489
755 0.298780034583616
756 0.298408899943741
757 0.298037982334947
758 0.297658655031232
759 0.297275269024748
760 0.296907143540072
761 0.296537347344373
762 0.296167855175934
763 0.295801010536608
764 0.295440083028079
765 0.295089562664512
766 0.2947387667742
767 0.294377814266158
768 0.294024404099043
769 0.293664828554698
770 0.29330279538558
771 0.292951348125082
772 0.292595777084647
773 0.292244302966381
774 0.291882674992739
775 0.291517961600415
776 0.291159130808779
777 0.29079639255612
778 0.290435319248252
779 0.290082810650777
780 0.289735165596328
781 0.289391761774158
782 0.289044349582433
783 0.288705980059888
784 0.288368875713964
785 0.288024234817573
786 0.287666582824115
787 0.287323562475701
788 0.286979847996711
789 0.286637345165321
790 0.286290064245232
791 0.285935878419003
792 0.285594118380637
793 0.285245813973708
794 0.284897852598287
795 0.284564873671989
796 0.284235223723113
797 0.283903175954619
798 0.283560537279333
799 0.283218428175142
800 0.282879972515169
801 0.282539378848017
802 0.282204474464934
803 0.281869946781016
804 0.281530248519212
805 0.28118985097078
806 0.280837605366101
807 0.28049254073678
808 0.280148117905577
809 0.279795406527846
810 0.279453420266449
811 0.279120618051954
812 0.278791024634339
813 0.278451399259475
814 0.278122481947077
815 0.277785379415208
816 0.277449386507253
817 0.277114014404195
818 0.276783259912881
819 0.276460509804105
820 0.276132043055303
821 0.275795942999624
822 0.275462712368414
823 0.275140718847697
824 0.27481407312641
825 0.274478971717337
826 0.274141115344456
827 0.273816737563208
828 0.273483197053013
829 0.273151335697564
830 0.27280925151039
831 0.272485067273911
832 0.272156577024203
833 0.271839922868588
834 0.271516853187845
835 0.271193811968579
836 0.270875079192092
837 0.270550927438264
838 0.270229379246664
839 0.269914010401762
840 0.269598636811856
841 0.269284627563755
842 0.268956736635714
843 0.268627751883149
844 0.26830094269686
845 0.267968530862883
846 0.267645070574251
847 0.267321704656715
848 0.266989926205751
849 0.266664898156964
850 0.266321483276389
851 0.265978295960631
852 0.265629321920478
853 0.265285699812317
854 0.264938679393792
855 0.264603057250949
856 0.264275607681061
857 0.263951624610989
858 0.263626735175442
859 0.263288629299729
860 0.262957794889107
861 0.262630189146102
862 0.262301607238046
863 0.261968144268575
864 0.261648324723943
865 0.261321745002639
866 0.260997251461942
867 0.26066829840647
868 0.260337289125664
869 0.260004790704308
870 0.259684032933138
871 0.259356724007356
872 0.259039883645981
873 0.258708682649197
874 0.258374448596645
875 0.258037819689521
876 0.25769583049355
877 0.257350211639581
878 0.257006323625203
879 0.256669503581961
880 0.256349901280849
881 0.256025179306015
882 0.25570791811995
883 0.25538308613677
884 0.255046568067757
885 0.254725953828992
886 0.254395635978481
887 0.254071835615047
888 0.253742869258806
889 0.253412651088265
890 0.253094358327091
891 0.252768123397023
892 0.252434826580507
893 0.252112187865629
894 0.251797162907797
895 0.251487695910528
896 0.251169963621451
897 0.250842447467245
898 0.250504100732597
899 0.250170307695234
900 0.249846832914489
901 0.249533832064311
902 0.249224319010702
903 0.248898068941852
904 0.248580796205316
905 0.248272956561818
906 0.247968555313543
907 0.247653211927909
908 0.247340156068982
909 0.247017893943539
910 0.246696295190267
911 0.246369223376702
912 0.246048466154407
913 0.245727466394526
914 0.245412032781687
915 0.245095640713507
916 0.244776355477089
917 0.244448404161249
918 0.244132145133503
919 0.243816737239675
920 0.243485619425218
921 0.243166257743751
922 0.242849370014594
923 0.242529907895573
924 0.242215646660866
925 0.241909701804474
926 0.241596042728089
927 0.241293370496941
928 0.240997283638485
929 0.240695995083008
930 0.240407731783247
931 0.240110681484564
932 0.239821417780252
933 0.239533554145634
934 0.239241888600928
935 0.238957303121761
936 0.238678677154391
937 0.23839262964575
938 0.238107629168701
939 0.23782629710164
940 0.237534499889689
941 0.237251064387564
942 0.236952975331599
943 0.236660614366377
944 0.236365654396649
945 0.236064744171255
946 0.235764202254757
947 0.235466693270984
948 0.235166634344586
949 0.234849039540299
950 0.23454231818289
951 0.234240868301676
952 0.233943705016
953 0.233650647098123
954 0.233364986837802
955 0.23307499387846
956 0.232783780038391
957 0.232496520696384
958 0.232201111717289
959 0.231916614598047
960 0.231616030086592
961 0.231314120341576
962 0.231013955700075
963 0.230712639515007
964 0.230415797432132
965 0.230114911655069
966 0.22982106072372
967 0.229529124371561
968 0.229248066913627
969 0.228972026249494
970 0.228683822170575
971 0.228410221434144
972 0.228138977674765
973 0.227863696693273
974 0.227578188965128
975 0.227285886676636
976 0.22700059229545
977 0.226718371737722
978 0.226449516989467
979 0.226174563374709
980 0.225892599778172
981 0.225600407987658
982 0.225315636856575
983 0.225026347901728
984 0.224730899280465
985 0.224441568549765
986 0.22415546185356
987 0.223871710076332
988 0.223594243669132
989 0.223316824663643
990 0.223034307917458
991 0.222760670210825
992 0.222481009827401
993 0.222209948720359
994 0.221934061052226
995 0.221655055359614
996 0.221380972755562
997 0.221116850334689
998 0.220837479702975
999 0.220554326628872
