1 0.877201894007434
2 0.8716646946083
3 0.866162447912067
4 0.86069493328528
5 0.855261931487196
6 0.849863224660996
7 0.844498596325049
8 0.839167831364228
9 0.833870716021288
10 0.828607037888293
11 0.823376585898099
12 0.818179150315889
13 0.813014522730766
14 0.807882496047392
15 0.802782864477688
16 0.797715423532578
17 0.792679970013793
18 0.78767630200572
19 0.782704218867307
20 0.777763521224018
21 0.772854010959835
22 0.767975491209319
23 0.763127766349712
24 0.758310641993095
25 0.75352392497859
26 0.748767423364619
27 0.744040946421205
28 0.739344304622322
29 0.734677309638299
30 0.730039774328267
31 0.725431512732652
32 0.720852340065725
33 0.716302072708182
34 0.711780528199793
35 0.707287525232075
36 0.702822883641028
37 0.698386424399911
38 0.693977969612058
39 0.68959734250375
40 0.685244367417123
41 0.680918869803127
42 0.676620676214524
43 0.672349614298937
44 0.668105512791932
45 0.66388820151016
46 0.659697511344524
47 0.655533274253403
48 0.651395323255913
49 0.647283492425209
50 0.643197616881835
51 0.63913753278711
52 0.635103077336558
53 0.631094088753382
54 0.627110406281975
55 0.623151870181475
56 0.619218321719359
57 0.615309603165078
58 0.611425557783732
59 0.607566029829787
60 0.603730864540827
61 0.599919908131348
62 0.596133007786597
63 0.592370011656436
64 0.588630768849259
65 0.58491512942594
66 0.58122294439382
67 0.577554065700732
68 0.573908346229065
69 0.570285639789867
70 0.566685801116978
71 0.56310868586121
72 0.559554150584555
73 0.556022052754436
74 0.552512250737991
75 0.549024603796391
76 0.545558972079201
77 0.542115216618769
78 0.538693199324655
79 0.535292782978093
80 0.531913831226489
81 0.528556208577952
82 0.525219780395865
83 0.521904412893482
84 0.518609973128564
85 0.515336328998051
86 0.512083349232762
87 0.50885090339213
88 0.505638861858978
89 0.502447095834313
90 0.499275477332169
91 0.496123879174467
92 0.492992174985924
93 0.489880239188979
94 0.486787946998759
95 0.483715174418079
96 0.480661798232462
97 0.477627696005208
98 0.474612746072477
99 0.471616827538411
100 0.468639820270293
101 0.465681604893721
102 0.462742062787827
103 0.459821076080517
104 0.456918527643747
105 0.454034301088828
106 0.451168280761751
107 0.44832035173856
108 0.445490399820734
109 0.442678311530617
110 0.439883974106858
111 0.437107275499898
112 0.434348104367471
113 0.431606350070144
114 0.428881902666875
115 0.426174652910611
116 0.4234844922439
117 0.420811312794545
118 0.418155007371275
119 0.415515469459446
120 0.412892593216771
121 0.410286273469076
122 0.407696405706083
123 0.405122886077219
124 0.402565611387451
125 0.400024479093147
126 0.397499387297968
127 0.394990234748779
128 0.392496920831588
129 0.390019345567515
130 0.387557409608781
131 0.385111014234721
132 0.382680061347834
133 0.38026445346984
134 0.377864093737776
135 0.375478885900114
136 0.373108734312894
137 0.370753543935898
138 0.368413220328832
139 0.366087669647542
140 0.363776798640251
141 0.361480514643818
142 0.359198725580025
143 0.356931339951883
144 0.354678266839963
145 0.35243941589875
146 0.350214697353022
147 0.34800402199425
148 0.345807301177016
149 0.343624446815467
150 0.341455371379774
151 0.33929998789263
152 0.337158209925756
153 0.335029951596439
154 0.332915127564087
155 0.330813653026807
156 0.328725443718004
157 0.326650415903005
158 0.324588486375696
159 0.322539572455191
160 0.320503591982513
161 0.318480463317299
162 0.316470105334532
163 0.31447243742128
164 0.31248737947347
165 0.310514851892673
166 0.308554775582911
167 0.306607071947488
168 0.304671662885839
169 0.302748470790394
170 0.30083741854347
171 0.298938429514176
172 0.297051427555343
173 0.295176337000468
174 0.293313082660682
175 0.291461589821734
176 0.289621784240993
177 0.287793592144474
178 0.285976940223881
179 0.284171755633661
180 0.28237796598809
181 0.280595499358367
182 0.27882428426973
183 0.27706424969859
184 0.275315325069684
185 0.273577440253244
186 0.271850525562184
187 0.270134511749309
188 0.268429330004534
189 0.266734911952128
190 0.26505118964797
191 0.263378095576828
192 0.261715562649647
193 0.260063524200861
194 0.258421913985723
195 0.256790666177641
196 0.255169715365546
197 0.253558996551267
198 0.251958445146921
199 0.250367996972327
200 0.248787588252432
201 0.247217155614753
202 0.245656636086834
203 0.244105967093726
204 0.242565086455471
205 0.241033932384615
206 0.239512443483726
207 0.238000558742935
208 0.236498217537486
209 0.23500535962531
210 0.233521925144605
211 0.232047854611437
212 0.230583088917356
213 0.229127569327025
214 0.227681237475863
215 0.226244035367707
216 0.224815905372487
217 0.223396790223913
218 0.221986633017177
219 0.220585377206679
220 0.219192966603748
221 0.217809345374401
222 0.216434458037093
223 0.215068249460502
224 0.213710664861311
225 0.212361649802016
226 0.211021150188739
227 0.209689112269062
228 0.208365482629873
229 0.207050208195219
230 0.205743236224181
231 0.20444451430876
232 0.203153990371773
233 0.201871612664767
234 0.200597329765943
235 0.199331090578094
236 0.198072844326555
237 0.196822540557169
238 0.195580129134264
239 0.194345560238639
240 0.193118784365571
241 0.191899752322827
242 0.190688415228693
243 0.189484724510012
244 0.188288631900238
245 0.1871000894375
246 0.18591904946268
247 0.184745464617497
248 0.183579287842617
249 0.182420472375756
250 0.181268971749812
251 0.180124739790999
252 0.178987730616995
253 0.177857898635104
254 0.176735198540426
255 0.175619585314042
256 0.174511014221207
257 0.173409440809556
258 0.172314820907326
259 0.171227110621577
260 0.17014626633644
261 0.169072244711363
262 0.168005002679373
263 0.166944497445352
264 0.16589068648432
265 0.164843527539728
266 0.163802978621765
267 0.162768998005676
268 0.161741544230083
269 0.160720576095331
270 0.159706052661829
271 0.158697933248409
272 0.157696177430701
273 0.156700745039503
274 0.155711596159178
275 0.154728691126048
276 0.153751990526807
277 0.15278145519694
278 0.15181704621915
279 0.1508587249218
280 0.149906452877362
281 0.148960191900876
282 0.148019904048418
283 0.147085551615579
284 0.146157097135954
285 0.145234503379637
286 0.144317733351732
287 0.143406750290867
288 0.14250151766772
289 0.141601999183553
290 0.140708158768762
291 0.139819960581423
292 0.138937369005861
293 0.138060348651217
294 0.137188864350034
295 0.136322881156841
296 0.135462364346759
297 0.134607279414099
298 0.133757592070988
299 0.132913268245989
300 0.132074274082734
301 0.131240575938569
302 0.130412140383204
303 0.129588934197373
304 0.1287709243715
305 0.127958078104379
306 0.127150362801854
307 0.126347746075515
308 0.125550195741401
309 0.124757679818704
310 0.123970166528493
311 0.123187624292434
312 0.122410021731526
313 0.121637327664847
314 0.120869511108294
315 0.120106541273351
316 0.119348387565848
317 0.118595019584734
318 0.117846407120864
319 0.117102520155779
320 0.11636332886051
321 0.115628803594378
322 0.114898914903804
323 0.114173633521134
324 0.113452930363459
325 0.11273677653145
326 0.112025143308204
327 0.111318002158086
328 0.110615324725589
329 0.109917082834196
330 0.109223248485248
331 0.108533793856826
332 0.107848691302631
333 0.107167913350875
334 0.106491432703185
335 0.105819222233503
336 0.105151254986999
337 0.104487504178993
338 0.103827943193877
339 0.103172545584052
340 0.102521285068864
341 0.101874135533552
342 0.1012310710282
343 0.100592065766697
344 0.0999570941257029
345 0.0993261306436207
346 0.0986991500195758
347 0.0980761271124014
348 0.0974570369396303
349 0.0968418546764934
350 0.0962305556549238
351 0.0956231153625681
352 0.0950195094418034
353 0.0944197136887601
354 0.0938237040523521
355 0.0932314566333117
356 0.0926429476832319
357 0.0920581536036135
358 0.0914770509449192
359 0.0908996164056335
360 0.0903258268313277
361 0.0897556592137319
362 0.0891890906898124
363 0.0886260985408548
364 0.0880666601915529
365 0.0875107532091037
366 0.0869583553023076
367 0.086409444320675
368 0.0858639982535375
369 0.0853219952291656
370 0.0847834135138919
371 0.0842482315112392
372 0.0837164277610546
373 0.0831879809386493
374 0.082662869853943
375 0.0821410734506146
376 0.0816225708052576
377 0.0811073411265415
378 0.0805953637543775
379 0.0800866181590904
380 0.0795810839405956
381 0.0790787408275807
382 0.0785795686766926
383 0.0780835474717303
384 0.0775906573228417
385 0.0771008784657262
386 0.0766141912608425
387 0.0761305761926207
388 0.0756500138686799
389 0.0751724850190505
390 0.0746979704954015
391 0.074226451270273
392 0.0737579084363127
393 0.073292323205518
394 0.0728296769084829
395 0.0723699509936488
396 0.071913127026561
397 0.0714591866891294
398 0.0710081117788941
399 0.0705598842082952
400 0.0701144860039477
401 0.0696718993059208
402 0.0692321063670219
403 0.0687950895520844
404 0.0683608313372612
405 0.0679293143093217
406 0.0675005211649535
407 0.0670744347100687
408 0.0666510378591145
409 0.0662303136343877
410 0.0658122451653544
411 0.0653968156879732
412 0.0649840085440233
413 0.0645738071804359
414 0.0641661951486312
415 0.0637611561038583
416 0.0633586738045401
417 0.0629587321116219
418 0.062561314987924
419 0.0621664064974993
420 0.0617739908049936
421 0.0613840521750108
422 0.0609965749714823
423 0.0606115436570396
424 0.0602289427923914
425 0.0598487570357043
426 0.0594709711419882
427 0.0590955699624845
428 0.0587225384440585
429 0.0583518616285963
430 0.0579835246524047
431 0.0576175127456153
432 0.057253811231592
433 0.0568924055263427
434 0.0565332811379347
435 0.0561764236659131
436 0.0558218188007237
437 0.0554694523231391
438 0.0551193101036886
439 0.0547713781020914
440 0.054425642366694
441 0.0540820890339104
442 0.0537407043276663
443 0.0534014745588468
444 0.0530643861247473
445 0.0527294255085281
446 0.0523965792786725
447 0.0520658340884483
448 0.0517371766753722
449 0.0514105938606783
450 0.0510860725487896
451 0.0507635997267931
452 0.0504431624639175
453 0.0501247479110149
454 0.049808343300046
455 0.0494939359435674
456 0.0491815132342234
457 0.0488710626442401
458 0.0485625717249234
459 0.0482560281061594
460 0.0479514194959188
461 0.0476487336797638
462 0.047347958520358
463 0.0470490819569806
464 0.0467520920050416
465 0.0464569767556024
466 0.0461637243748973
467 0.0458723231038595
468 0.0455827612576497
469 0.0452950272251869
470 0.0450091094686836
471 0.0447249965231825
472 0.0444426769960973
473 0.0441621395667554
474 0.0438833729859443
475 0.0436063660754602
476 0.0433311077276603
477 0.0430575869050167
478 0.0427857926396744
479 0.0425157140330112
480 0.0422473402552006
481 0.041980660544778
482 0.0417156642082085
483 0.0414523406194587
484 0.0411906792195702
485 0.0409306695162366
486 0.0406723010833824
487 0.040415563560745
488 0.0401604466534594
489 0.0399069401316454
490 0.0396550338299972
491 0.0394047176473759
492 0.0391559815464046
493 0.0389088155530655
494 0.0386632097563005
495 0.0384191543076134
496 0.038176639420675
497 0.0379356553709309
498 0.0376961924952113
499 0.0374582411913438
500 0.037221791917768
501 0.0369868351931534
502 0.0367533615960185
503 0.0365213617643539
504 0.036290826395246
505 0.0360617462445046
506 0.035834112126292
507 0.0356079149127547
508 0.035383145533657
509 0.0351597949760181
510 0.03493785428375
511 0.0347173145572987
512 0.034498166953287
513 0.0342804026841605
514 0.0340640130178345
515 0.0338489892773444
516 0.0336353228404976
517 0.0334230051395277
518 0.033212027660751
519 0.033002381944225
520 0.0327940595834094
521 0.0325870522248288
522 0.0323813515677377
523 0.0321769493637879
524 0.0319738374166976
525 0.0317720075819227
526 0.0315714517663303
527 0.031372161927874
528 0.0311741300752716
529 0.0309773482676849
530 0.0307818086144005
531 0.0305875032745143
532 0.0303944244566165
533 0.0302025644184794
534 0.0300119154667469
535 0.0298224699566259
536 0.02963422029158
537 0.0294471589230247
538 0.0292612783500247
539 0.0290765711189933
540 0.0288930298233932
541 0.0287106471034399
542 0.0285294156458063
543 0.0283493281833295
544 0.0281703774947196
545 0.0279925564042697
546 0.0278158577815685
547 0.0276402745412145
548 0.0274657996425315
549 0.0272924260892864
550 0.027120146929409
551 0.0269489552547126
552 0.0267788442006177
553 0.026609806945876
554 0.0264418367122977
555 0.0262749267644789
556 0.026109070409532
557 0.0259442609968173
558 0.0257804919176761
559 0.0256177566051657
560 0.0254560485337966
561 0.0252953612192701
562 0.0251356882182186
563 0.0249770231279474
564 0.0248193595861778
565 0.0246626912707919
566 0.0245070118995792
567 0.0243523152299847
568 0.0241985950588585
569 0.0240458452222073
570 0.0238940595949467
571 0.0237432320906563
572 0.0235933566613349
573 0.0234444272971587
574 0.0232964380262397
575 0.0231493829143868
576 0.0230032560648673
577 0.0228580516181707
578 0.022713763751774
579 0.0225703866799077
580 0.0224279146533241
581 0.0222863419590668
582 0.0221456629202415
583 0.0220058718957886
584 0.0218669632802564
585 0.0217289315035771
586 0.0215917710308428
587 0.0214554763620841
588 0.0213200420320492
589 0.0211854626099847
590 0.0210517326994182
591 0.0209188469379416
592 0.020786799996996
593 0.0206555865816584
594 0.0205252014304292
595 0.020395639315021
596 0.0202668950401493
597 0.0201389634433239
598 0.0200118393946421
599 0.0198855177965829
600 0.0197599935838026
601 0.0196352617229315
602 0.0195113172123727
603 0.0193881550821006
604 0.0192657703934624
605 0.0191441582389797
606 0.0190233137421518
607 0.0189032320572602
608 0.018783908369174
609 0.0186653378931573
610 0.0185475158746771
611 0.0184304375892125
612 0.0183140983420655
613 0.0181984934681725
614 0.0180836183319177
615 0.0179694683269465
616 0.0178560388759815
617 0.0177433254306385
618 0.0176313234712443
619 0.0175200285066553
620 0.0174094360740778
621 0.0172995417388886
622 0.0171903410944574
623 0.0170818297619701
624 0.0169740033902531
625 0.016866857655599
626 0.0167603882615931
627 0.0166545909389409
628 0.0165494614452977
629 0.0164449955650973
630 0.0163411891093841
631 0.0162380379156444
632 0.0161355378476397
633 0.0160336847952409
634 0.0159324746742635
635 0.0158319034263036
636 0.0157319670185757
637 0.0156326614437501
638 0.0155339827197933
639 0.0154359268898073
640 0.0153384900218716
641 0.0152416682088854
642 0.0151454575684107
643 0.015049854242517
644 0.0149548543976261
645 0.0148604542243588
646 0.0147666499373821
647 0.0146734377752572
648 0.0145808140002888
649 0.0144887748983753
650 0.0143973167788596
651 0.0143064359743816
652 0.0142161288407306
653 0.0141263917566993
654 0.0140372211239391
655 0.013948613366815
656 0.0138605649322629
657 0.0137730722896468
658 0.0136861319306172
659 0.0135997403689705
660 0.0135138941405095
661 0.0134285898029037
662 0.0133438239355523
663 0.0132595931394461
664 0.0131758940370319
665 0.0130927232720765
666 0.0130100775095326
667 0.0129279534354049
668 0.0128463477566169
669 0.0127652572008795
670 0.0126846785165591
671 0.0126046084725476
672 0.0125250438581329
673 0.01244598148287
674 0.0123674181764529
675 0.0122893507885878
676 0.0122117761888665
677 0.0121346912666414
678 0.0120580929308998
679 0.011981978110141
680 0.0119063437522524
681 0.0118311868243875
682 0.0117565043128441
683 0.0116822932229437
684 0.0116085505789111
685 0.011535273423755
686 0.01146245881915
687 0.0113901038453184
688 0.0113182056009128
689 0.0112467612029005
690 0.0111757677864472
691 0.0111052225048025
692 0.0110351225291858
693 0.0109654650486726
694 0.0108962472700819
695 0.0108274664178643
696 0.0107591197339906
697 0.0106912044778412
698 0.0106237179260962
699 0.0105566573726264
700 0.0104900201283843
701 0.0104238035212969
702 0.0103580048961581
703 0.0102926216145225
704 0.0102276510545992
705 0.0101630906111471
706 0.0100989376953705
707 0.0100351897348146
708 0.00997184417326327
709 0.00990889847063579
710 0.00984635010288543
711 0.0097841965618981
712 0.00972243535539176
713 0.00966106400681651
714 0.00960008005525531
715 0.00953948105532526
716 0.00947926457707954
717 0.00941942820591002
718 0.00935996954245037
719 0.00930088620247992
720 0.00924217581682798
721 0.00918383603127891
722 0.00912586450647767
723 0.00906825891783605
724 0.0090110169554394
725 0.0089541363239541
726 0.00889761474253543
727 0.00884144994473612
728 0.00878563967841555
729 0.00873018170564934
730 0.00867507380263967
731 0.00862031375962611
732 0.00856589938079699
733 0.00851182848420133
734 0.00845809890166141
735 0.00840470847868576
736 0.00835165507438282
737 0.00829893656137508
738 0.00824655082571374
739 0.00819449576679399
740 0.00814276929727076
741 0.008091369342975
742 0.00804029384283055
743 0.00798954074877144
744 0.00793910802565983
745 0.00788899365120435
746 0.00783919561587903
747 0.00778971192284272
748 0.007740540587859
749 0.00769167963921665
750 0.00764312711765057
751 0.0075948810762632
752 0.00754693958044648
753 0.00749930070780424
754 0.00745196254807516
755 0.00740492320305612
756 0.00735818078652612
757 0.00731173342417064
758 0.00726557925350648
759 0.00721971642380705
760 0.00717414309602821
761 0.00712885744273448
762 0.00708385764802577
763 0.0070391419074646
764 0.00699470842800371
765 0.00695055542791417
766 0.00690668113671391
767 0.0068630837950968
768 0.00681976165486201
769 0.00677671297884396
770 0.00673393604084269
771 0.00669142912555456
772 0.00664919052850354
773 0.00660721855597284
774 0.00656551152493698
775 0.00652406776299432
776 0.00648288560830001
777 0.0064419634094993
778 0.00640129952566138
779 0.00636089232621355
780 0.00632074019087586
781 0.0062808415095961
782 0.00624119468248528
783 0.00620179811975347
784 0.00616265024164599
785 0.00612374947838016
786 0.0060850942700823
787 0.00604668306672518
788 0.00600851432806586
789 0.00597058652358398
790 0.00593289813242031
791 0.00589544764331582
792 0.00585823355455107
793 0.005821254373886
794 0.00578450861850005
795 0.00574799481493275
796 0.00571171149902463
797 0.00567565721585849
798 0.00563983051970104
799 0.00560422997394499
800 0.00556885415105139
801 0.00553370163249241
802 0.00549877100869446
803 0.00546406087898165
804 0.00542956985151965
805 0.00539529654325986
806 0.00536123957988395
807 0.00532739759574877
808 0.00529376923383158
809 0.00526035314567562
810 0.00522714799133606
811 0.00519415243932627
812 0.0051613651665644
813 0.00512878485832037
814 0.0050964102081631
815 0.00506423991790819
816 0.00503227269756578
817 0.0050005072652889
818 0.00496894234732204
819 0.00493757667795005
820 0.00490640899944742
821 0.00487543806202783
822 0.00484466262379405
823 0.00481408145068814
824 0.00478369331644192
825 0.00475349700252788
826 0.00472349129811023
827 0.00469367499999644
828 0.0046640469125889
829 0.00463460584783705
830 0.00460535062518969
831 0.0045762800715477
832 0.00454739302121693
833 0.0045186883158615
834 0.00449016480445735
835 0.00446182134324607
836 0.00443365679568907
837 0.00440567003242195
838 0.00437785993120926
839 0.00435022537689949
840 0.00432276526138033
841 0.00429547848353428
842 0.00426836394919446
843 0.00424142057110075
844 0.00421464726885617
845 0.00418804296888361
846 0.00416160660438272
847 0.00413533711528718
848 0.00410923344822215
849 0.00408329455646206
850 0.00405751939988866
851 0.00403190694494924
852 0.00400645616461525
853 0.00398116603834112
854 0.00395603555202325
855 0.00393106369795948
856 0.00390624947480858
857 0.00388159188755011
858 0.00385708994744458
859 0.00383274267199374
860 0.00380854908490122
861 0.00378450821603334
862 0.00376061910138026
863 0.00373688078301731
864 0.00371329230906654
865 0.0036898527336586
866 0.00366656111689479
867 0.00364341652480938
868 0.00362041802933212
869 0.0035975647082511
870 0.0035748556451757
871 0.00355228992949989
872 0.00352986665636567
873 0.00350758492662686
874 0.00348544384681295
875 0.00346344252909335
876 0.00344158009124177
877 0.0034198556566008
878 0.00339826835404683
879 0.00337681731795506
880 0.00335550168816481
