1 0.910672635309452
2 0.909998505697492
3 0.909324875113082
4 0.908651743186813
5 0.907979109549553
6 0.907306973832441
7 0.906635335666888
8 0.90596419468458
9 0.905293550517475
10 0.904623402797803
11 0.903953751158067
12 0.90328459523104
13 0.902615934649771
14 0.901947769047575
15 0.901280098058044
16 0.900612921315037
17 0.899946238452686
18 0.899280049105395
19 0.898614352907835
20 0.897949149494952
21 0.897284438501958
22 0.896620219564338
23 0.895956492317845
24 0.895293256398502
25 0.894630511442604
26 0.89396825708671
27 0.893306492967654
28 0.892645218722534
29 0.891984433988719
30 0.891324138403846
31 0.890664331605821
32 0.890005013232816
33 0.889346182923273
34 0.888687840315901
35 0.888029985049675
36 0.88737261676384
37 0.886715735097906
38 0.886059339691649
39 0.885403430185115
40 0.884748006218614
41 0.884093067432722
42 0.883438613468282
43 0.882784643966403
44 0.88213115856846
45 0.881478156916092
46 0.880825638651204
47 0.880173603415966
48 0.879522050852814
49 0.878870980604447
50 0.87822039231383
51 0.877570285624191
52 0.876920660179023
53 0.876271515622082
54 0.875622851597388
55 0.874974667749226
56 0.874326963722143
57 0.873679739160948
58 0.873032993710715
59 0.87238672701678
60 0.871740938724741
61 0.871095628480459
62 0.870450795930058
63 0.869806440719921
64 0.869162562496696
65 0.86851916090729
66 0.867876235598874
67 0.867233786218879
68 0.866591812414995
69 0.865950313835176
70 0.865309290127635
71 0.864668740940845
72 0.86402866592354
73 0.863389064724715
74 0.862749936993622
75 0.862111282379776
76 0.861473100532948
77 0.860835391103172
78 0.860198153740737
79 0.859561388096195
80 0.858925093820353
81 0.858289270564279
82 0.857653917979298
83 0.857019035716994
84 0.856384623429209
85 0.855750680768041
86 0.855117207385847
87 0.854484202935242
88 0.853851667069096
89 0.853219599440538
90 0.852587999702953
91 0.851956867509982
92 0.851326202515523
93 0.85069600437373
94 0.850066272739015
95 0.849437007266041
96 0.848808207609732
97 0.848179873425264
98 0.847552004368069
99 0.846924600093836
100 0.846297660258506
101 0.845671184518276
102 0.845045172529597
103 0.844419623949176
104 0.843794538433972
105 0.8431699156412
106 0.842545755228326
107 0.841922056853072
108 0.841298820173413
109 0.840676044847575
110 0.840053730534041
111 0.839431876891543
112 0.838810483579067
113 0.838189550255853
114 0.83756907658139
115 0.836949062215422
116 0.836329506817944
117 0.835710410049202
118 0.835091771569694
119 0.834473591040169
120 0.833855868121628
121 0.833238602475322
122 0.832621793762753
123 0.832005441645674
124 0.831389545786089
125 0.830774105846249
126 0.830159121488659
127 0.829544592376072
128 0.82893051817149
129 0.828316898538166
130 0.827703733139601
131 0.827091021639546
132 0.826478763702001
133 0.825866958991213
134 0.82525560717168
135 0.824644707908147
136 0.824034260865607
137 0.823424265709301
138 0.822814722104718
139 0.822205629717596
140 0.821596988213918
141 0.820988797259916
142 0.820381056522069
143 0.819773765667101
144 0.819166924361986
145 0.818560532273941
146 0.817954589070432
147 0.817349094419169
148 0.816744047988111
149 0.816139449445459
150 0.815535298459662
151 0.814931594699415
152 0.814328337833657
153 0.813725527531571
154 0.813123163462588
155 0.812521245296381
156 0.811919772702867
157 0.811318745352212
158 0.81071816291482
159 0.810118025061343
160 0.809518331462676
161 0.808919081789956
162 0.808320275714567
163 0.807721912908132
164 0.807123993042521
165 0.806526515789843
166 0.805929480822453
167 0.805332887812947
168 0.804736736434164
169 0.804141026359184
170 0.80354575726133
171 0.802950928814167
172 0.802356540691502
173 0.801762592567381
174 0.801169084116095
175 0.800576015012172
176 0.799983384930385
177 0.799391193545745
178 0.798799440533505
179 0.798208125569157
180 0.797617248328434
181 0.79702680848731
182 0.796436805721997
183 0.795847239708948
184 0.795258110124855
185 0.79466941664665
186 0.794081158951503
187 0.793493336716824
188 0.792905949620261
189 0.792318997339701
190 0.79173247955327
191 0.791146395939331
192 0.790560746176486
193 0.789975529943575
194 0.789390746919676
195 0.788806396784103
196 0.788222479216408
197 0.787638993896382
198 0.787055940504052
199 0.786473318719679
200 0.785891128223766
201 0.785309368697048
202 0.784728039820499
203 0.784147141275328
204 0.78356667274298
205 0.782986633905137
206 0.782407024443714
207 0.781827844040863
208 0.781249092378974
209 0.780670769140667
210 0.7800928740088
211 0.779515406666466
212 0.778938366796992
213 0.778361754083938
214 0.7777855682111
215 0.777209808862508
216 0.776634475722426
217 0.776059568475349
218 0.77548508680601
219 0.774911030399372
220 0.774337398940632
221 0.773764192115222
222 0.773191409608803
223 0.772619051107273
224 0.772047116296759
225 0.771475604863622
226 0.770904516494456
227 0.770333850876085
228 0.769763607695565
229 0.769193786640186
230 0.768624387397468
231 0.76805540965516
232 0.767486853101247
233 0.766918717423941
234 0.766351002311687
235 0.765783707453158
236 0.765216832537261
237 0.764650377253131
238 0.764084341290134
239 0.763518724337864
240 0.762953526086149
241 0.762388746225042
242 0.761824384444828
243 0.76126044043602
244 0.760696913889363
245 0.760133804495826
246 0.759571111946611
247 0.759008835933147
248 0.758446976147091
249 0.757885532280329
250 0.757324504024975
251 0.756763891073371
252 0.756203693118086
253 0.755643909851916
254 0.755084540967888
255 0.754525586159251
256 0.753967045119486
257 0.753408917542298
258 0.752851203121618
259 0.752293901551607
260 0.75173701252665
261 0.751180535741358
262 0.750624470890568
263 0.750068817669345
264 0.749513575772978
265 0.748958744896982
266 0.748404324737097
267 0.747850314989288
268 0.747296715349746
269 0.746743525514887
270 0.74619074518135
271 0.745638374046001
272 0.745086411805928
273 0.744534858158446
274 0.743983712801091
275 0.743432975431624
276 0.742882645748032
277 0.742332723448522
278 0.741783208231527
279 0.741234099795702
280 0.740685397839925
281 0.740137102063297
282 0.739589212165144
283 0.73904172784501
284 0.738494648802665
285 0.737947974738101
286 0.737401705351531
287 0.73685584034339
288 0.736310379414334
289 0.735765322265243
290 0.735220668597217
291 0.734676418111577
292 0.734132570509865
293 0.733589125493844
294 0.7330460827655
295 0.732503442027036
296 0.731961202980877
297 0.731419365329669
298 0.730877928776278
299 0.730336893023788
300 0.729796257775506
301 0.729256022734956
302 0.728716187605883
303 0.72817675209225
304 0.72763771589824
305 0.727099078728254
306 0.726560840286915
307 0.72602300027906
308 0.725485558409748
309 0.724948514384254
310 0.724411867908074
311 0.723875618686918
312 0.723339766426718
313 0.722804310833622
314 0.722269251613994
315 0.721734588474417
316 0.721200321121691
317 0.720666449262834
318 0.720132972605078
319 0.719599890855876
320 0.719067203722892
321 0.718534910914013
322 0.718003012137336
323 0.717471507101177
324 0.71694039551407
325 0.716409677084761
326 0.715879351522213
327 0.715349418535605
328 0.71481987783433
329 0.714290729127998
330 0.713761972126433
331 0.713233606539673
332 0.712705632077972
333 0.712178048451797
334 0.711650855371832
335 0.711124052548971
336 0.710597639694326
337 0.710071616519221
338 0.709545982735193
339 0.709020738053995
340 0.708495882187591
341 0.707971414848159
342 0.70744733574809
343 0.706923644599988
344 0.70640034111667
345 0.705877425011166
346 0.705354895996717
347 0.704832753786776
348 0.704310998095012
349 0.703789628635301
350 0.703268645121733
351 0.70274804726861
352 0.702227834790446
353 0.701708007401964
354 0.7011885648181
355 0.700669506754001
356 0.700150832925024
357 0.699632543046738
358 0.699114636834921
359 0.698597114005562
360 0.698079974274861
361 0.697563217359226
362 0.697046842975279
363 0.696530850839846
364 0.696015240669969
365 0.695500012182894
366 0.694985165096079
367 0.694470699127191
368 0.693956613994105
369 0.693442909414907
370 0.692929585107889
371 0.692416640791554
372 0.69190407618461
373 0.691391891005978
374 0.690880084974782
375 0.690368657810358
376 0.689857609232247
377 0.6893469389602
378 0.688836646714173
379 0.688326732214332
380 0.687817195181047
381 0.687308035334897
382 0.686799252396668
383 0.686290846087352
384 0.685782816128148
385 0.685275162240461
386 0.684767884145901
387 0.684260981566288
388 0.683754454223643
389 0.683248301840196
390 0.682742524138382
391 0.68223712084084
392 0.681732091670417
393 0.681227436350163
394 0.680723154603334
395 0.680219246153391
396 0.679715710723997
397 0.679212548039025
398 0.678709757822546
399 0.678207339798842
400 0.677705293692392
401 0.677203619227885
402 0.67670231613021
403 0.676201384124463
404 0.675700822935939
405 0.67520063229014
406 0.67470081191277
407 0.674201361529736
408 0.673702280867148
409 0.673203569651318
410 0.672705227608763
411 0.6722072544662
412 0.671709649950549
413 0.671212413788932
414 0.670715545708673
415 0.670219045437299
416 0.669722912702537
417 0.669227147232316
418 0.668731748754768
419 0.668236716998225
420 0.667742051691219
421 0.667247752562484
422 0.666753819340956
423 0.666260251755769
424 0.66576704953626
425 0.665274212411966
426 0.664781740112622
427 0.664289632368165
428 0.663797888908733
429 0.663306509464661
430 0.662815493766485
431 0.662324841544941
432 0.661834552530964
433 0.661344626455686
434 0.660855063050443
435 0.660365862046764
436 0.659877023176381
437 0.659388546171223
438 0.658900430763418
439 0.658412676685291
440 0.657925283669366
441 0.657438251448366
442 0.65695157975521
443 0.656465268323017
444 0.6559793168851
445 0.655493725174973
446 0.655008492926346
447 0.654523619873126
448 0.654039105749415
449 0.653554950289516
450 0.653071153227926
451 0.652587714299339
452 0.652104633238645
453 0.65162190978093
454 0.651139543661478
455 0.650657534615768
456 0.650175882379473
457 0.649694586688463
458 0.649213647278806
459 0.648733063886762
460 0.648252836248786
461 0.647772964101531
462 0.647293447181843
463 0.646814285226762
464 0.646335477973526
465 0.645857025159563
466 0.6453789265225
467 0.644901181800154
468 0.644423790730539
469 0.643946753051862
470 0.643470068502523
471 0.642993736821117
472 0.642517757746431
473 0.642042131017448
474 0.64156685637334
475 0.641091933553477
476 0.640617362297419
477 0.640143142344917
478 0.63966927343592
479 0.639195755310565
480 0.638722587709182
481 0.638249770372296
482 0.63777730304062
483 0.637305185455062
484 0.636833417356721
485 0.636361998486888
486 0.635890928587044
487 0.635420207398862
488 0.634949834664208
489 0.634479810125136
490 0.634010133523894
491 0.633540804602919
492 0.633071823104839
493 0.632603188772473
494 0.632134901348829
495 0.631666960577108
496 0.631199366200697
497 0.630732117963176
498 0.630265215608316
499 0.629798658880073
500 0.629332447522597
501 0.628866581280226
502 0.628401059897485
503 0.627935883119092
504 0.627471050689951
505 0.627006562355157
506 0.626542417859991
507 0.626078616949925
508 0.625615159370619
509 0.62515204486792
510 0.624689273187865
511 0.624226844076676
512 0.623764757280767
513 0.623303012546736
514 0.622841609621371
515 0.622380548251646
516 0.621919828184724
517 0.621459449167952
518 0.620999410948868
519 0.620539713275194
520 0.62008035589484
521 0.619621338555902
522 0.619162661006662
523 0.618704322995591
524 0.618246324271344
525 0.617788664582761
526 0.61733134367887
527 0.616874361308884
528 0.616417717222202
529 0.615961411168408
530 0.615505442897271
531 0.615049812158747
532 0.614594518702975
533 0.614139562280281
534 0.613684942641174
535 0.613230659536348
536 0.612776712716682
537 0.61232310193324
538 0.611869826937269
539 0.611416887480202
540 0.610964283313653
541 0.610512014189423
542 0.610060079859495
543 0.609608480076036
544 0.609157214591396
545 0.608706283158109
546 0.608255685528892
547 0.607805421456646
548 0.607355490694452
549 0.606905892995577
550 0.606456628113468
551 0.606007695801758
552 0.605559095814259
553 0.605110827904967
554 0.604662891828058
555 0.604215287337893
556 0.603768014189013
557 0.603321072136142
558 0.602874460934183
559 0.602428180338223
560 0.60198223010353
561 0.601536609985551
562 0.601091319739917
563 0.600646359122438
564 0.600201727889104
565 0.599757425796089
566 0.599313452599744
567 0.598869808056603
568 0.598426491923377
569 0.59798350395696
570 0.597540843914426
571 0.597098511553027
572 0.596656506630194
573 0.596214828903542
574 0.595773478130861
575 0.595332454070121
576 0.594891756479474
577 0.594451385117247
578 0.594011339741949
579 0.593571620112267
580 0.593132225987065
581 0.592693157125388
582 0.592254413286458
583 0.591815994229675
584 0.591377899714618
585 0.590940129501043
586 0.590502683348884
587 0.590065561018254
588 0.589628762269443
589 0.589192286862916
590 0.588756134559319
591 0.588320305119474
592 0.587884798304378
593 0.587449613875208
594 0.587014751593315
595 0.586580211220229
596 0.586145992517656
597 0.585712095247476
598 0.585278519171749
599 0.584845264052709
600 0.584412329652766
601 0.583979715734505
602 0.583547422060691
603 0.583115448394258
604 0.582683794498322
605 0.58225246013617
606 0.581821445071266
607 0.581390749067248
608 0.580960371887931
609 0.580530313297302
610 0.580100573059526
611 0.57967115093894
612 0.579242046700056
613 0.578813260107561
614 0.578384790926316
615 0.577956638921355
616 0.577528803857887
617 0.577101285501295
618 0.576674083617136
619 0.576247197971139
620 0.575820628329206
621 0.575394374457416
622 0.574968436122017
623 0.574542813089432
624 0.574117505126258
625 0.573692511999261
626 0.573267833475384
627 0.57284346932174
628 0.572419419305615
629 0.571995683194467
630 0.571572260755927
631 0.571149151757796
632 0.57072635596805
633 0.570303873154834
634 0.569881703086467
635 0.569459845531436
636 0.569038300258403
637 0.5686170670362
638 0.56819614563383
639 0.567775535820466
640 0.567355237365453
641 0.566935250038306
642 0.566515573608713
643 0.56609620784653
644 0.565677152521783
645 0.56525840740467
646 0.564839972265559
647 0.564421846874986
648 0.564004031003658
649 0.563586524422454
650 0.563169326902419
651 0.56275243821477
652 0.562335858130891
653 0.561919586422337
654 0.561503622860833
655 0.561087967218271
656 0.560672619266712
657 0.560257578778388
658 0.559842845525696
659 0.559428419281204
660 0.559014299817647
661 0.558600486907931
662 0.558186980325127
663 0.557773779842476
664 0.557360885233384
665 0.556948296271428
666 0.556536012730351
667 0.556124034384064
668 0.555712361006644
669 0.555300992372339
670 0.554889928255559
671 0.554479168430885
672 0.554068712673062
673 0.553658560757004
674 0.553248712457791
675 0.552839167550669
676 0.55242992581105
677 0.552020987014514
678 0.551612350936804
679 0.551204017353834
680 0.550795986041678
681 0.55038825677658
682 0.549980829334948
683 0.549573703493356
684 0.549166879028544
685 0.548760355717414
686 0.548354133337038
687 0.54794821166465
688 0.547542590477648
689 0.547137269553599
690 0.54673224867023
691 0.546327527605435
692 0.545923106137272
693 0.545518984043963
694 0.545115161103895
695 0.544711637095617
696 0.544308411797845
697 0.543905484989457
698 0.543502856449494
699 0.543100525957162
700 0.542698493291829
701 0.542296758233029
702 0.541895320560455
703 0.541494180053968
704 0.541093336493587
705 0.540692789659499
706 0.540292539332048
707 0.539892585291746
708 0.539492927319263
709 0.539093565195436
710 0.538694498701259
711 0.538295727617893
712 0.537897251726657
713 0.537499070809035
714 0.537101184646671
715 0.536703593021371
716 0.536306295715102
717 0.535909292509994
718 0.535512583188336
719 0.535116167532581
720 0.534720045325341
721 0.534324216349388
722 0.533928680387658
723 0.533533437223245
724 0.533138486639404
725 0.532743828419552
726 0.532349462347265
727 0.531955388206279
728 0.53156160578049
729 0.531168114853955
730 0.530774915210891
731 0.530382006635673
732 0.529989388912838
733 0.529597061827079
734 0.529205025163253
735 0.528813278706372
736 0.52842182224161
737 0.528030655554299
738 0.527639778429929
739 0.527249190654151
740 0.526858892012773
741 0.526468882291761
742 0.526079161277241
743 0.525689728755496
744 0.52530058451297
745 0.52491172833626
746 0.524523160012127
747 0.524134879327484
748 0.523746886069407
749 0.523359180025125
750 0.522971760982028
751 0.522584628727662
752 0.52219778304973
753 0.521811223736093
754 0.521424950574767
755 0.521038963353928
756 0.520653261861907
757 0.520267845887191
758 0.519882715218425
759 0.519497869644411
760 0.519113308954105
761 0.518729032936621
762 0.518345041381228
763 0.517961334077352
764 0.517577910814576
765 0.517194771382635
766 0.516811915571423
767 0.516429343170988
768 0.516047053971535
769 0.515665047763421
770 0.515283324337163
771 0.514901883483429
772 0.514520724993043
773 0.514139848656985
774 0.513759254266389
775 0.513378941612543
776 0.51299891048689
777 0.512619160681028
778 0.512239691986709
779 0.511860504195838
780 0.511481597100475
781 0.511102970492835
782 0.510724624165285
783 0.510346557910346
784 0.509968771520693
785 0.509591264789154
786 0.509214037508713
787 0.508837089472502
788 0.508460420473812
789 0.508084030306082
790 0.507707918762907
791 0.507332085638034
792 0.506956530725362
793 0.506581253818944
794 0.506206254712984
795 0.505831533201839
796 0.505457089080019
797 0.505082922142184
798 0.504709032183147
799 0.504335418997875
800 0.503962082381483
801 0.503589022129241
802 0.503216238036569
803 0.502843729899038
804 0.502471497512371
805 0.502099540672443
806 0.501727859175278
807 0.501356452817053
808 0.500985321394095
809 0.500614464702882
810 0.500243882540043
811 0.499873574702356
812 0.499503540986751
813 0.499133781190308
814 0.498764295110257
815 0.498395082543979
816 0.498026143289003
817 0.497657477143009
818 0.497289083903828
819 0.496920963369438
820 0.496553115337969
821 0.4961855396077
822 0.495818235977057
823 0.495451204244619
824 0.49508444420911
825 0.494717955669407
826 0.494351738424533
827 0.493985792273661
828 0.493620117016113
829 0.493254712451358
830 0.492889578379014
831 0.492524714598849
832 0.492160120910778
833 0.491795797114863
834 0.491431743011315
835 0.491067958400495
836 0.490704443082907
837 0.490341196859208
838 0.489978219530198
839 0.489615510896828
840 0.489253070760194
841 0.48889089892154
842 0.488528995182258
843 0.488167359343884
844 0.487805991208106
845 0.487444890576755
846 0.487084057251808
847 0.486723491035392
848 0.486363191729778
849 0.486003159137385
850 0.485643393060775
851 0.485283893302661
852 0.484924659665898
853 0.484565691953489
854 0.484206989968583
855 0.483848553514472
856 0.483490382394597
857 0.483132476412543
858 0.482774835372041
859 0.482417459076965
860 0.482060347331338
861 0.481703499939325
862 0.481346916705237
863 0.48099059743353
864 0.480634541928805
865 0.480278749995808
866 0.479923221439426
867 0.479567956064696
868 0.479212953676796
869 0.478858214081048
870 0.478503737082919
871 0.478149522488021
872 0.477795570102108
873 0.477441879731078
874 0.477088451180974
875 0.476735284257982
876 0.476382378768431
877 0.476029734518794
878 0.475677351315687
879 0.475325228965868
880 0.474973367276241
881 0.474621766053849
882 0.474270425105882
883 0.473919344239669
884 0.473568523262684
885 0.473217961982543
886 0.472867660207004
887 0.472517617743967
888 0.472167834401476
889 0.471818309987714
890 0.471469044311009
891 0.471120037179831
892 0.470771288402788
893 0.470422797788633
894 0.47007456514626
895 0.469726590284704
896 0.469378873013142
897 0.469031413140892
898 0.468684210477412
899 0.468337264832303
900 0.467990576015305
901 0.4676441438363
902 0.467297968105311
903 0.466952048632501
904 0.466606385228174
905 0.466260977702774
906 0.465915825866885
907 0.465570929531232
908 0.46522628850668
909 0.464881902604233
910 0.464537771635036
911 0.464193895410374
912 0.463850273741671
913 0.463506906440491
914 0.463163793318536
915 0.462820934187651
916 0.462478328859815
917 0.462135977147151
918 0.461793878861919
919 0.461452033816519
920 0.461110441823487
921 0.460769102695501
922 0.460428016245376
923 0.460087182286067
924 0.459746600630666
925 0.459406271092403
926 0.459066193484649
927 0.458726367620909
928 0.458386793314831
929 0.458047470380196
930 0.457708398630926
931 0.457369577881079
932 0.457031007944854
933 0.456692688636582
934 0.456354619770737
935 0.456016801161926
936 0.455679232624896
937 0.45534191397453
938 0.455004845025849
939 0.454668025594009
940 0.454331455494304
941 0.453995134542166
942 0.453659062553161
943 0.453323239342994
944 0.452987664727504
945 0.452652338522669
946 0.452317260544601
947 0.45198243060955
948 0.4516478485339
949 0.451313514134172
950 0.450979427227023
951 0.450645587629246
952 0.450311995157768
953 0.449978649629654
954 0.449645550862101
955 0.449312698672445
956 0.448980092878156
957 0.448647733296837
958 0.448315619746229
959 0.447983752044207
960 0.447652130008779
961 0.447320753458089
962 0.446989622210418
963 0.446658736084177
964 0.446328094897915
965 0.445997698470314
966 0.44566754662019
967 0.445337639166493
968 0.445007975928308
969 0.444678556724853
970 0.444349381375481
971 0.444020449699677
972 0.44369176151706
973 0.443363316647385
974 0.443035114910536
975 0.442707156126535
976 0.442379440115534
977 0.442051966697819
978 0.44172473569381
979 0.441397746924058
980 0.441071000209249
981 0.4407444953702
982 0.440418232227862
983 0.440092210603317
984 0.439766430317781
985 0.439440891192602
986 0.43911559304926
987 0.438790535709366
988 0.438465718994664
989 0.438141142727032
990 0.437816806728477
991 0.437492710821137
992 0.437168854827286
993 0.436845238569326
994 0.436521861869791
995 0.436198724551347
996 0.43587582643679
997 0.435553167349051
998 0.435230747111186
999 0.434908565546388
